dt,uid,bikes_available_to_rent
2024-03-12 00:13:14,29745906,0
2024-03-12 00:13:14,29746009,3
2024-03-12 00:13:14,29746047,0
2024-03-12 00:13:14,29746068,2
2024-03-12 00:13:14,29746123,2
2024-03-12 00:13:14,29746679,1
2024-03-12 00:13:14,29747497,4
2024-03-12 00:13:14,29749806,3
2024-03-12 00:13:14,29749855,0
2024-03-12 00:13:14,29749951,0
2024-03-12 00:13:14,29750190,2
2024-03-12 00:13:14,29750264,2
2024-03-12 00:13:14,29750615,1
2024-03-12 00:13:14,29751228,2
2024-03-12 00:13:14,29751388,2
2024-03-12 00:13:14,29751426,7
2024-03-12 00:13:14,29751502,0
2024-03-12 00:13:14,29751545,2
2024-03-12 00:13:14,29751592,1
2024-03-12 00:13:14,29751674,0
2024-03-12 00:13:14,29751736,0
2024-03-12 00:13:14,29751789,0
2024-03-12 00:13:14,29751918,0
2024-03-12 00:13:14,29752309,8
2024-03-12 00:13:14,29752472,2
2024-03-12 00:13:14,29752573,0
2024-03-12 00:13:14,29753372,0
2024-03-12 00:13:14,29753410,0
2024-03-12 00:13:14,29755203,2
2024-03-12 00:13:14,29992386,4
2024-03-12 00:13:14,29992613,6
2024-03-12 00:13:14,30278163,0
2024-03-12 00:13:14,30613108,3
2024-03-12 00:13:14,30613827,0
2024-03-12 00:13:14,30613955,2
2024-03-12 00:13:14,30925063,0
2024-03-12 00:13:14,31868207,6
2024-03-12 00:13:14,35855774,0
2024-03-12 00:13:14,35855809,2
2024-03-12 00:13:14,145369985,3
2024-03-12 00:13:14,152260960,1
2024-03-12 00:13:14,158039882,0
2024-03-12 00:13:14,158040425,1
2024-03-12 00:13:14,158040663,0
2024-03-12 00:13:14,158040927,0
2024-03-12 00:13:14,158041172,1
2024-03-12 00:13:14,158041482,1
2024-03-12 00:13:14,158041981,4
2024-03-12 00:13:14,158042216,2
2024-03-12 00:13:14,158042737,2
2024-03-12 00:13:14,158042992,1
2024-03-12 00:13:14,158046029,3
2024-03-12 00:13:14,158046288,2
2024-03-12 00:13:14,158046511,0
2024-03-12 00:13:14,158046728,1
2024-03-12 00:13:14,158046916,4
2024-03-12 00:13:14,167222018,0
2024-03-12 00:13:14,167222141,5
2024-03-12 00:13:14,176856256,0
2024-03-12 00:13:14,203568824,2
2024-03-12 00:13:14,265397056,2
2024-03-12 00:21:44,29745906,0
2024-03-12 00:21:44,29746009,3
2024-03-12 00:21:44,29746047,0
2024-03-12 00:21:44,29746068,2
2024-03-12 00:21:44,29746123,2
2024-03-12 00:21:44,29746679,1
2024-03-12 00:21:44,29747497,4
2024-03-12 00:21:44,29749806,3
2024-03-12 00:21:44,29749855,0
2024-03-12 00:21:44,29749951,0
2024-03-12 00:21:44,29750190,2
2024-03-12 00:21:44,29750264,2
2024-03-12 00:21:44,29750615,1
2024-03-12 00:21:44,29751228,2
2024-03-12 00:21:44,29751388,2
2024-03-12 00:21:44,29751426,7
2024-03-12 00:21:44,29751502,0
2024-03-12 00:21:44,29751545,2
2024-03-12 00:21:44,29751592,1
2024-03-12 00:21:44,29751674,0
2024-03-12 00:21:44,29751736,0
2024-03-12 00:21:44,29751789,0
2024-03-12 00:21:44,29751918,0
2024-03-12 00:21:44,29752309,8
2024-03-12 00:21:44,29752472,2
2024-03-12 00:21:44,29752573,0
2024-03-12 00:21:44,29753372,0
2024-03-12 00:21:44,29753410,0
2024-03-12 00:21:44,29755203,2
2024-03-12 00:21:44,29992386,4
2024-03-12 00:21:44,29992613,6
2024-03-12 00:21:44,30278163,0
2024-03-12 00:21:44,30613108,3
2024-03-12 00:21:44,30613827,0
2024-03-12 00:21:44,30613955,2
2024-03-12 00:21:44,30925063,0
2024-03-12 00:21:44,31868207,6
2024-03-12 00:21:44,35855774,0
2024-03-12 00:21:44,35855809,2
2024-03-12 00:21:44,145369985,3
2024-03-12 00:21:44,152260960,1
2024-03-12 00:21:44,158039882,0
2024-03-12 00:21:44,158040425,1
2024-03-12 00:21:44,158040663,0
2024-03-12 00:21:44,158040927,0
2024-03-12 00:21:44,158041172,1
2024-03-12 00:21:44,158041482,1
2024-03-12 00:21:44,158041981,4
2024-03-12 00:21:44,158042216,2
2024-03-12 00:21:44,158042737,2
2024-03-12 00:21:44,158042992,1
2024-03-12 00:21:44,158046029,3
2024-03-12 00:21:44,158046288,2
2024-03-12 00:21:44,158046511,0
2024-03-12 00:21:44,158046728,1
2024-03-12 00:21:44,158046916,4
2024-03-12 00:21:44,167222018,0
2024-03-12 00:21:44,167222141,5
2024-03-12 00:21:44,176856256,0
2024-03-12 00:21:44,203568824,2
2024-03-12 00:21:44,265397056,2
2024-03-12 00:36:33,29745906,0
2024-03-12 00:36:33,29746009,3
2024-03-12 00:36:33,29746047,0
2024-03-12 00:36:33,29746068,2
2024-03-12 00:36:33,29746123,2
2024-03-12 00:36:33,29746679,1
2024-03-12 00:36:33,29747497,4
2024-03-12 00:36:33,29749806,3
2024-03-12 00:36:33,29749855,0
2024-03-12 00:36:33,29749951,0
2024-03-12 00:36:33,29750190,2
2024-03-12 00:36:33,29750264,2
2024-03-12 00:36:33,29750615,1
2024-03-12 00:36:33,29751228,2
2024-03-12 00:36:33,29751388,2
2024-03-12 00:36:33,29751426,7
2024-03-12 00:36:33,29751502,0
2024-03-12 00:36:33,29751545,2
2024-03-12 00:36:33,29751592,1
2024-03-12 00:36:33,29751674,0
2024-03-12 00:36:33,29751736,0
2024-03-12 00:36:33,29751789,0
2024-03-12 00:36:33,29751918,0
2024-03-12 00:36:33,29752309,8
2024-03-12 00:36:33,29752472,2
2024-03-12 00:36:33,29752573,0
2024-03-12 00:36:33,29753372,0
2024-03-12 00:36:33,29753410,0
2024-03-12 00:36:33,29755203,2
2024-03-12 00:36:33,29992386,4
2024-03-12 00:36:33,29992613,6
2024-03-12 00:36:33,30278163,0
2024-03-12 00:36:33,30613108,3
2024-03-12 00:36:33,30613827,0
2024-03-12 00:36:33,30613955,2
2024-03-12 00:36:33,30925063,1
2024-03-12 00:36:33,31868207,6
2024-03-12 00:36:33,35855774,0
2024-03-12 00:36:33,35855809,2
2024-03-12 00:36:33,145369985,3
2024-03-12 00:36:33,152260960,1
2024-03-12 00:36:33,158039882,0
2024-03-12 00:36:33,158040425,1
2024-03-12 00:36:33,158040663,0
2024-03-12 00:36:33,158040927,0
2024-03-12 00:36:33,158041172,1
2024-03-12 00:36:33,158041482,1
2024-03-12 00:36:33,158041981,4
2024-03-12 00:36:33,158042216,2
2024-03-12 00:36:33,158042737,2
2024-03-12 00:36:33,158042992,1
2024-03-12 00:36:33,158046029,3
2024-03-12 00:36:33,158046288,2
2024-03-12 00:36:33,158046511,0
2024-03-12 00:36:33,158046728,1
2024-03-12 00:36:33,158046916,4
2024-03-12 00:36:33,167222018,0
2024-03-12 00:36:33,167222141,5
2024-03-12 00:36:33,176856256,0
2024-03-12 00:36:33,203568824,2
2024-03-12 00:36:33,265397056,2
2024-03-12 00:52:54,29745906,0
2024-03-12 00:52:54,29746009,3
2024-03-12 00:52:54,29746047,0
2024-03-12 00:52:54,29746068,2
2024-03-12 00:52:54,29746123,2
2024-03-12 00:52:54,29746679,1
2024-03-12 00:52:54,29747497,4
2024-03-12 00:52:54,29749806,3
2024-03-12 00:52:54,29749855,0
2024-03-12 00:52:54,29749951,0
2024-03-12 00:52:54,29750190,2
2024-03-12 00:52:54,29750264,2
2024-03-12 00:52:54,29750615,1
2024-03-12 00:52:54,29751228,2
2024-03-12 00:52:54,29751388,2
2024-03-12 00:52:54,29751426,7
2024-03-12 00:52:54,29751502,0
2024-03-12 00:52:54,29751545,2
2024-03-12 00:52:54,29751592,1
2024-03-12 00:52:54,29751674,0
2024-03-12 00:52:54,29751736,0
2024-03-12 00:52:54,29751789,0
2024-03-12 00:52:54,29751918,0
2024-03-12 00:52:54,29752309,8
2024-03-12 00:52:54,29752472,2
2024-03-12 00:52:54,29752573,0
2024-03-12 00:52:54,29753372,0
2024-03-12 00:52:54,29753410,0
2024-03-12 00:52:54,29755203,2
2024-03-12 00:52:54,29992386,4
2024-03-12 00:52:54,29992613,6
2024-03-12 00:52:54,30278163,0
2024-03-12 00:52:54,30613108,3
2024-03-12 00:52:54,30613827,0
2024-03-12 00:52:54,30613955,2
2024-03-12 00:52:54,30925063,1
2024-03-12 00:52:54,31868207,6
2024-03-12 00:52:54,35855774,0
2024-03-12 00:52:54,35855809,2
2024-03-12 00:52:54,145369985,3
2024-03-12 00:52:54,152260960,1
2024-03-12 00:52:54,158039882,0
2024-03-12 00:52:54,158040425,1
2024-03-12 00:52:54,158040663,0
2024-03-12 00:52:54,158040927,0
2024-03-12 00:52:54,158041172,1
2024-03-12 00:52:54,158041482,1
2024-03-12 00:52:54,158041981,4
2024-03-12 00:52:54,158042216,2
2024-03-12 00:52:54,158042737,2
2024-03-12 00:52:54,158042992,1
2024-03-12 00:52:54,158046029,3
2024-03-12 00:52:54,158046288,2
2024-03-12 00:52:54,158046511,0
2024-03-12 00:52:54,158046728,1
2024-03-12 00:52:54,158046916,4
2024-03-12 00:52:54,167222018,0
2024-03-12 00:52:54,167222141,5
2024-03-12 00:52:54,176856256,0
2024-03-12 00:52:54,203568824,2
2024-03-12 00:52:54,265397056,2
2024-03-12 01:55:03,29745906,0
2024-03-12 01:55:03,29746009,3
2024-03-12 01:55:03,29746047,0
2024-03-12 01:55:03,29746068,2
2024-03-12 01:55:03,29746123,2
2024-03-12 01:55:03,29746679,1
2024-03-12 01:55:03,29747497,4
2024-03-12 01:55:03,29749806,3
2024-03-12 01:55:03,29749855,0
2024-03-12 01:55:03,29749951,0
2024-03-12 01:55:03,29750190,2
2024-03-12 01:55:03,29750264,2
2024-03-12 01:55:03,29750615,1
2024-03-12 01:55:03,29751228,2
2024-03-12 01:55:03,29751388,2
2024-03-12 01:55:03,29751426,7
2024-03-12 01:55:03,29751502,0
2024-03-12 01:55:03,29751545,2
2024-03-12 01:55:03,29751592,1
2024-03-12 01:55:03,29751674,0
2024-03-12 01:55:03,29751736,0
2024-03-12 01:55:03,29751789,0
2024-03-12 01:55:03,29751918,0
2024-03-12 01:55:03,29752309,8
2024-03-12 01:55:03,29752472,2
2024-03-12 01:55:03,29752573,0
2024-03-12 01:55:03,29753372,0
2024-03-12 01:55:03,29753410,0
2024-03-12 01:55:03,29755203,2
2024-03-12 01:55:03,29992386,4
2024-03-12 01:55:03,29992613,6
2024-03-12 01:55:03,30278163,0
2024-03-12 01:55:03,30613108,3
2024-03-12 01:55:03,30613827,0
2024-03-12 01:55:03,30613955,2
2024-03-12 01:55:03,30925063,1
2024-03-12 01:55:03,31868207,6
2024-03-12 01:55:03,35855774,0
2024-03-12 01:55:03,35855809,2
2024-03-12 01:55:03,145369985,3
2024-03-12 01:55:03,152260960,1
2024-03-12 01:55:03,158039882,0
2024-03-12 01:55:03,158040425,1
2024-03-12 01:55:03,158040663,0
2024-03-12 01:55:03,158040927,0
2024-03-12 01:55:03,158041172,1
2024-03-12 01:55:03,158041482,1
2024-03-12 01:55:03,158041981,4
2024-03-12 01:55:03,158042216,2
2024-03-12 01:55:03,158042737,2
2024-03-12 01:55:03,158042992,1
2024-03-12 01:55:03,158046029,3
2024-03-12 01:55:03,158046288,2
2024-03-12 01:55:03,158046511,0
2024-03-12 01:55:03,158046728,1
2024-03-12 01:55:03,158046916,4
2024-03-12 01:55:03,167222018,0
2024-03-12 01:55:03,167222141,5
2024-03-12 01:55:03,176856256,0
2024-03-12 01:55:03,203568824,2
2024-03-12 01:55:03,265397056,2
2024-03-12 02:19:42,29745906,0
2024-03-12 02:19:42,29746009,3
2024-03-12 02:19:42,29746047,0
2024-03-12 02:19:42,29746068,2
2024-03-12 02:19:42,29746123,2
2024-03-12 02:19:42,29746679,1
2024-03-12 02:19:42,29747497,4
2024-03-12 02:19:42,29749806,3
2024-03-12 02:19:42,29749855,0
2024-03-12 02:19:42,29749951,0
2024-03-12 02:19:42,29750190,2
2024-03-12 02:19:42,29750264,2
2024-03-12 02:19:42,29750615,1
2024-03-12 02:19:42,29751228,2
2024-03-12 02:19:42,29751388,2
2024-03-12 02:19:42,29751426,7
2024-03-12 02:19:42,29751502,0
2024-03-12 02:19:42,29751545,2
2024-03-12 02:19:42,29751592,1
2024-03-12 02:19:42,29751674,0
2024-03-12 02:19:42,29751736,0
2024-03-12 02:19:42,29751789,0
2024-03-12 02:19:42,29751918,0
2024-03-12 02:19:42,29752309,8
2024-03-12 02:19:42,29752472,2
2024-03-12 02:19:42,29752573,0
2024-03-12 02:19:42,29753372,0
2024-03-12 02:19:42,29753410,0
2024-03-12 02:19:42,29755203,2
2024-03-12 02:19:42,29992386,4
2024-03-12 02:19:42,29992613,6
2024-03-12 02:19:42,30278163,0
2024-03-12 02:19:42,30613108,3
2024-03-12 02:19:42,30613827,0
2024-03-12 02:19:42,30613955,2
2024-03-12 02:19:42,30925063,1
2024-03-12 02:19:42,31868207,6
2024-03-12 02:19:42,35855774,0
2024-03-12 02:19:42,35855809,2
2024-03-12 02:19:42,145369985,3
2024-03-12 02:19:42,152260960,1
2024-03-12 02:19:42,158039882,0
2024-03-12 02:19:42,158040425,1
2024-03-12 02:19:42,158040663,0
2024-03-12 02:19:42,158040927,0
2024-03-12 02:19:42,158041172,1
2024-03-12 02:19:42,158041482,1
2024-03-12 02:19:42,158041981,4
2024-03-12 02:19:42,158042216,2
2024-03-12 02:19:42,158042737,2
2024-03-12 02:19:42,158042992,1
2024-03-12 02:19:42,158046029,3
2024-03-12 02:19:42,158046288,2
2024-03-12 02:19:42,158046511,0
2024-03-12 02:19:42,158046728,1
2024-03-12 02:19:42,158046916,4
2024-03-12 02:19:42,167222018,0
2024-03-12 02:19:42,167222141,5
2024-03-12 02:19:42,176856256,0
2024-03-12 02:19:42,203568824,2
2024-03-12 02:19:42,265397056,2
2024-03-12 02:30:22,29745906,0
2024-03-12 02:30:22,29746009,3
2024-03-12 02:30:22,29746047,0
2024-03-12 02:30:22,29746068,2
2024-03-12 02:30:22,29746123,2
2024-03-12 02:30:22,29746679,1
2024-03-12 02:30:22,29747497,4
2024-03-12 02:30:22,29749806,3
2024-03-12 02:30:22,29749855,0
2024-03-12 02:30:22,29749951,0
2024-03-12 02:30:22,29750190,2
2024-03-12 02:30:22,29750264,2
2024-03-12 02:30:22,29750615,1
2024-03-12 02:30:22,29751228,2
2024-03-12 02:30:22,29751388,2
2024-03-12 02:30:22,29751426,7
2024-03-12 02:30:22,29751502,0
2024-03-12 02:30:22,29751545,2
2024-03-12 02:30:22,29751592,1
2024-03-12 02:30:22,29751674,0
2024-03-12 02:30:22,29751736,0
2024-03-12 02:30:22,29751789,0
2024-03-12 02:30:22,29751918,0
2024-03-12 02:30:22,29752309,8
2024-03-12 02:30:22,29752472,2
2024-03-12 02:30:22,29752573,0
2024-03-12 02:30:22,29753372,0
2024-03-12 02:30:22,29753410,0
2024-03-12 02:30:22,29755203,2
2024-03-12 02:30:22,29992386,4
2024-03-12 02:30:22,29992613,6
2024-03-12 02:30:22,30278163,0
2024-03-12 02:30:22,30613108,3
2024-03-12 02:30:22,30613827,0
2024-03-12 02:30:22,30613955,2
2024-03-12 02:30:22,30925063,1
2024-03-12 02:30:22,31868207,6
2024-03-12 02:30:22,35855774,0
2024-03-12 02:30:22,35855809,2
2024-03-12 02:30:22,145369985,3
2024-03-12 02:30:22,152260960,1
2024-03-12 02:30:22,158039882,0
2024-03-12 02:30:22,158040425,1
2024-03-12 02:30:22,158040663,0
2024-03-12 02:30:22,158040927,0
2024-03-12 02:30:22,158041172,1
2024-03-12 02:30:22,158041482,1
2024-03-12 02:30:22,158041981,4
2024-03-12 02:30:22,158042216,2
2024-03-12 02:30:22,158042737,2
2024-03-12 02:30:22,158042992,1
2024-03-12 02:30:22,158046029,3
2024-03-12 02:30:22,158046288,2
2024-03-12 02:30:22,158046511,0
2024-03-12 02:30:22,158046728,1
2024-03-12 02:30:22,158046916,4
2024-03-12 02:30:22,167222018,0
2024-03-12 02:30:22,167222141,5
2024-03-12 02:30:22,176856256,0
2024-03-12 02:30:22,203568824,2
2024-03-12 02:30:22,265397056,2
2024-03-12 02:35:18,29745906,0
2024-03-12 02:35:18,29746009,3
2024-03-12 02:35:18,29746047,0
2024-03-12 02:35:18,29746068,2
2024-03-12 02:35:18,29746123,2
2024-03-12 02:35:18,29746679,1
2024-03-12 02:35:18,29747497,4
2024-03-12 02:35:18,29749806,3
2024-03-12 02:35:18,29749855,0
2024-03-12 02:35:18,29749951,0
2024-03-12 02:35:18,29750190,2
2024-03-12 02:35:18,29750264,2
2024-03-12 02:35:18,29750615,1
2024-03-12 02:35:18,29751228,2
2024-03-12 02:35:18,29751388,2
2024-03-12 02:35:18,29751426,7
2024-03-12 02:35:18,29751502,0
2024-03-12 02:35:18,29751545,2
2024-03-12 02:35:18,29751592,1
2024-03-12 02:35:18,29751674,0
2024-03-12 02:35:18,29751736,0
2024-03-12 02:35:18,29751789,0
2024-03-12 02:35:18,29751918,0
2024-03-12 02:35:18,29752309,8
2024-03-12 02:35:18,29752472,2
2024-03-12 02:35:18,29752573,0
2024-03-12 02:35:18,29753372,0
2024-03-12 02:35:18,29753410,0
2024-03-12 02:35:18,29755203,2
2024-03-12 02:35:18,29992386,4
2024-03-12 02:35:18,29992613,6
2024-03-12 02:35:18,30278163,0
2024-03-12 02:35:18,30613108,3
2024-03-12 02:35:18,30613827,0
2024-03-12 02:35:18,30613955,2
2024-03-12 02:35:18,30925063,1
2024-03-12 02:35:18,31868207,6
2024-03-12 02:35:18,35855774,0
2024-03-12 02:35:18,35855809,2
2024-03-12 02:35:18,145369985,3
2024-03-12 02:35:18,152260960,1
2024-03-12 02:35:18,158039882,0
2024-03-12 02:35:18,158040425,1
2024-03-12 02:35:18,158040663,0
2024-03-12 02:35:18,158040927,0
2024-03-12 02:35:18,158041172,1
2024-03-12 02:35:18,158041482,1
2024-03-12 02:35:18,158041981,4
2024-03-12 02:35:18,158042216,2
2024-03-12 02:35:18,158042737,2
2024-03-12 02:35:18,158042992,1
2024-03-12 02:35:18,158046029,3
2024-03-12 02:35:18,158046288,2
2024-03-12 02:35:18,158046511,0
2024-03-12 02:35:18,158046728,1
2024-03-12 02:35:18,158046916,4
2024-03-12 02:35:18,167222018,0
2024-03-12 02:35:18,167222141,5
2024-03-12 02:35:18,176856256,0
2024-03-12 02:35:18,203568824,2
2024-03-12 02:35:18,265397056,2
2024-03-12 02:48:22,29745906,0
2024-03-12 02:48:22,29746009,3
2024-03-12 02:48:22,29746047,0
2024-03-12 02:48:22,29746068,2
2024-03-12 02:48:22,29746123,2
2024-03-12 02:48:22,29746679,1
2024-03-12 02:48:22,29747497,4
2024-03-12 02:48:22,29749806,3
2024-03-12 02:48:22,29749855,0
2024-03-12 02:48:22,29749951,0
2024-03-12 02:48:22,29750190,2
2024-03-12 02:48:22,29750264,2
2024-03-12 02:48:22,29750615,1
2024-03-12 02:48:22,29751228,2
2024-03-12 02:48:22,29751388,2
2024-03-12 02:48:22,29751426,7
2024-03-12 02:48:22,29751502,0
2024-03-12 02:48:22,29751545,2
2024-03-12 02:48:22,29751592,1
2024-03-12 02:48:22,29751674,0
2024-03-12 02:48:22,29751736,0
2024-03-12 02:48:22,29751789,0
2024-03-12 02:48:22,29751918,0
2024-03-12 02:48:22,29752309,8
2024-03-12 02:48:22,29752472,2
2024-03-12 02:48:22,29752573,0
2024-03-12 02:48:22,29753372,0
2024-03-12 02:48:22,29753410,0
2024-03-12 02:48:22,29755203,2
2024-03-12 02:48:22,29992386,4
2024-03-12 02:48:22,29992613,6
2024-03-12 02:48:22,30278163,0
2024-03-12 02:48:22,30613108,3
2024-03-12 02:48:22,30613827,0
2024-03-12 02:48:22,30613955,2
2024-03-12 02:48:22,30925063,1
2024-03-12 02:48:22,31868207,6
2024-03-12 02:48:22,35855774,0
2024-03-12 02:48:22,35855809,2
2024-03-12 02:48:22,145369985,3
2024-03-12 02:48:22,152260960,1
2024-03-12 02:48:22,158039882,0
2024-03-12 02:48:22,158040425,1
2024-03-12 02:48:22,158040663,0
2024-03-12 02:48:22,158040927,0
2024-03-12 02:48:22,158041172,1
2024-03-12 02:48:22,158041482,1
2024-03-12 02:48:22,158041981,4
2024-03-12 02:48:22,158042216,2
2024-03-12 02:48:22,158042737,2
2024-03-12 02:48:22,158042992,1
2024-03-12 02:48:22,158046029,3
2024-03-12 02:48:22,158046288,2
2024-03-12 02:48:22,158046511,0
2024-03-12 02:48:22,158046728,1
2024-03-12 02:48:22,158046916,4
2024-03-12 02:48:22,167222018,0
2024-03-12 02:48:22,167222141,5
2024-03-12 02:48:22,176856256,0
2024-03-12 02:48:22,203568824,2
2024-03-12 02:48:22,265397056,2
2024-03-12 03:03:50,29745906,0
2024-03-12 03:03:50,29746009,3
2024-03-12 03:03:50,29746047,0
2024-03-12 03:03:50,29746068,2
2024-03-12 03:03:50,29746123,2
2024-03-12 03:03:50,29746679,1
2024-03-12 03:03:50,29747497,4
2024-03-12 03:03:50,29749806,3
2024-03-12 03:03:50,29749855,0
2024-03-12 03:03:50,29749951,0
2024-03-12 03:03:50,29750190,2
2024-03-12 03:03:50,29750264,2
2024-03-12 03:03:50,29750615,1
2024-03-12 03:03:50,29751228,2
2024-03-12 03:03:50,29751388,2
2024-03-12 03:03:50,29751426,7
2024-03-12 03:03:50,29751502,0
2024-03-12 03:03:50,29751545,2
2024-03-12 03:03:50,29751592,1
2024-03-12 03:03:50,29751674,0
2024-03-12 03:03:50,29751736,0
2024-03-12 03:03:50,29751789,0
2024-03-12 03:03:50,29751918,0
2024-03-12 03:03:50,29752309,8
2024-03-12 03:03:50,29752472,2
2024-03-12 03:03:50,29752573,0
2024-03-12 03:03:50,29753372,0
2024-03-12 03:03:50,29753410,0
2024-03-12 03:03:50,29755203,2
2024-03-12 03:03:50,29992386,4
2024-03-12 03:03:50,29992613,6
2024-03-12 03:03:50,30278163,0
2024-03-12 03:03:50,30613108,3
2024-03-12 03:03:50,30613827,0
2024-03-12 03:03:50,30613955,2
2024-03-12 03:03:50,30925063,1
2024-03-12 03:03:50,31868207,6
2024-03-12 03:03:50,35855774,0
2024-03-12 03:03:50,35855809,2
2024-03-12 03:03:50,145369985,3
2024-03-12 03:03:50,152260960,1
2024-03-12 03:03:50,158039882,0
2024-03-12 03:03:50,158040425,1
2024-03-12 03:03:50,158040663,0
2024-03-12 03:03:50,158040927,0
2024-03-12 03:03:50,158041172,1
2024-03-12 03:03:50,158041482,1
2024-03-12 03:03:50,158041981,4
2024-03-12 03:03:50,158042216,2
2024-03-12 03:03:50,158042737,2
2024-03-12 03:03:50,158042992,1
2024-03-12 03:03:50,158046029,3
2024-03-12 03:03:50,158046288,2
2024-03-12 03:03:50,158046511,0
2024-03-12 03:03:50,158046728,1
2024-03-12 03:03:50,158046916,4
2024-03-12 03:03:50,167222018,0
2024-03-12 03:03:50,167222141,5
2024-03-12 03:03:50,176856256,0
2024-03-12 03:03:50,203568824,2
2024-03-12 03:03:50,265397056,2
2024-03-12 03:10:46,29745906,0
2024-03-12 03:10:46,29746009,3
2024-03-12 03:10:46,29746047,0
2024-03-12 03:10:46,29746068,2
2024-03-12 03:10:46,29746123,2
2024-03-12 03:10:46,29746679,1
2024-03-12 03:10:46,29747497,4
2024-03-12 03:10:46,29749806,3
2024-03-12 03:10:46,29749855,0
2024-03-12 03:10:46,29749951,0
2024-03-12 03:10:46,29750190,2
2024-03-12 03:10:46,29750264,2
2024-03-12 03:10:46,29750615,1
2024-03-12 03:10:46,29751228,2
2024-03-12 03:10:46,29751388,2
2024-03-12 03:10:46,29751426,7
2024-03-12 03:10:46,29751502,0
2024-03-12 03:10:46,29751545,2
2024-03-12 03:10:46,29751592,1
2024-03-12 03:10:46,29751674,0
2024-03-12 03:10:46,29751736,0
2024-03-12 03:10:46,29751789,0
2024-03-12 03:10:46,29751918,0
2024-03-12 03:10:46,29752309,8
2024-03-12 03:10:46,29752472,2
2024-03-12 03:10:46,29752573,0
2024-03-12 03:10:46,29753372,0
2024-03-12 03:10:46,29753410,0
2024-03-12 03:10:46,29755203,2
2024-03-12 03:10:46,29992386,4
2024-03-12 03:10:46,29992613,6
2024-03-12 03:10:46,30278163,0
2024-03-12 03:10:46,30613108,3
2024-03-12 03:10:46,30613827,0
2024-03-12 03:10:46,30613955,2
2024-03-12 03:10:46,30925063,1
2024-03-12 03:10:46,31868207,6
2024-03-12 03:10:46,35855774,0
2024-03-12 03:10:46,35855809,2
2024-03-12 03:10:46,145369985,3
2024-03-12 03:10:46,152260960,1
2024-03-12 03:10:46,158039882,0
2024-03-12 03:10:46,158040425,1
2024-03-12 03:10:46,158040663,0
2024-03-12 03:10:46,158040927,0
2024-03-12 03:10:46,158041172,1
2024-03-12 03:10:46,158041482,1
2024-03-12 03:10:46,158041981,4
2024-03-12 03:10:46,158042216,2
2024-03-12 03:10:46,158042737,2
2024-03-12 03:10:46,158042992,1
2024-03-12 03:10:46,158046029,3
2024-03-12 03:10:46,158046288,2
2024-03-12 03:10:46,158046511,0
2024-03-12 03:10:46,158046728,1
2024-03-12 03:10:46,158046916,4
2024-03-12 03:10:46,167222018,0
2024-03-12 03:10:46,167222141,5
2024-03-12 03:10:46,176856256,0
2024-03-12 03:10:46,203568824,2
2024-03-12 03:10:46,265397056,2
2024-03-12 03:17:14,29745906,0
2024-03-12 03:17:14,29746009,3
2024-03-12 03:17:14,29746047,0
2024-03-12 03:17:14,29746068,2
2024-03-12 03:17:14,29746123,2
2024-03-12 03:17:14,29746679,1
2024-03-12 03:17:14,29747497,4
2024-03-12 03:17:14,29749806,3
2024-03-12 03:17:14,29749855,0
2024-03-12 03:17:14,29749951,0
2024-03-12 03:17:14,29750190,2
2024-03-12 03:17:14,29750264,2
2024-03-12 03:17:14,29750615,1
2024-03-12 03:17:14,29751228,2
2024-03-12 03:17:14,29751388,2
2024-03-12 03:17:14,29751426,7
2024-03-12 03:17:14,29751502,0
2024-03-12 03:17:14,29751545,2
2024-03-12 03:17:14,29751592,1
2024-03-12 03:17:14,29751674,0
2024-03-12 03:17:14,29751736,0
2024-03-12 03:17:14,29751789,0
2024-03-12 03:17:14,29751918,0
2024-03-12 03:17:14,29752309,8
2024-03-12 03:17:14,29752472,2
2024-03-12 03:17:14,29752573,0
2024-03-12 03:17:14,29753372,0
2024-03-12 03:17:14,29753410,0
2024-03-12 03:17:14,29755203,2
2024-03-12 03:17:14,29992386,4
2024-03-12 03:17:14,29992613,6
2024-03-12 03:17:14,30278163,0
2024-03-12 03:17:14,30613108,3
2024-03-12 03:17:14,30613827,0
2024-03-12 03:17:14,30613955,2
2024-03-12 03:17:14,30925063,1
2024-03-12 03:17:14,31868207,6
2024-03-12 03:17:14,35855774,0
2024-03-12 03:17:14,35855809,2
2024-03-12 03:17:14,145369985,3
2024-03-12 03:17:14,152260960,1
2024-03-12 03:17:14,158039882,0
2024-03-12 03:17:14,158040425,1
2024-03-12 03:17:14,158040663,0
2024-03-12 03:17:14,158040927,0
2024-03-12 03:17:14,158041172,1
2024-03-12 03:17:14,158041482,1
2024-03-12 03:17:14,158041981,4
2024-03-12 03:17:14,158042216,2
2024-03-12 03:17:14,158042737,2
2024-03-12 03:17:14,158042992,1
2024-03-12 03:17:14,158046029,3
2024-03-12 03:17:14,158046288,2
2024-03-12 03:17:14,158046511,0
2024-03-12 03:17:14,158046728,1
2024-03-12 03:17:14,158046916,4
2024-03-12 03:17:14,167222018,0
2024-03-12 03:17:14,167222141,5
2024-03-12 03:17:14,176856256,0
2024-03-12 03:17:14,203568824,2
2024-03-12 03:17:14,265397056,2
2024-03-12 03:26:22,29745906,0
2024-03-12 03:26:22,29746009,3
2024-03-12 03:26:22,29746047,0
2024-03-12 03:26:22,29746068,2
2024-03-12 03:26:22,29746123,2
2024-03-12 03:26:22,29746679,1
2024-03-12 03:26:22,29747497,4
2024-03-12 03:26:22,29749806,3
2024-03-12 03:26:22,29749855,0
2024-03-12 03:26:22,29749951,0
2024-03-12 03:26:22,29750190,2
2024-03-12 03:26:22,29750264,2
2024-03-12 03:26:22,29750615,1
2024-03-12 03:26:22,29751228,2
2024-03-12 03:26:22,29751388,2
2024-03-12 03:26:22,29751426,7
2024-03-12 03:26:22,29751502,0
2024-03-12 03:26:22,29751545,2
2024-03-12 03:26:22,29751592,1
2024-03-12 03:26:22,29751674,0
2024-03-12 03:26:22,29751736,0
2024-03-12 03:26:22,29751789,0
2024-03-12 03:26:22,29751918,0
2024-03-12 03:26:22,29752309,8
2024-03-12 03:26:22,29752472,2
2024-03-12 03:26:22,29752573,0
2024-03-12 03:26:22,29753372,0
2024-03-12 03:26:22,29753410,0
2024-03-12 03:26:22,29755203,2
2024-03-12 03:26:22,29992386,4
2024-03-12 03:26:22,29992613,6
2024-03-12 03:26:22,30278163,0
2024-03-12 03:26:22,30613108,3
2024-03-12 03:26:22,30613827,0
2024-03-12 03:26:22,30613955,2
2024-03-12 03:26:22,30925063,1
2024-03-12 03:26:22,31868207,6
2024-03-12 03:26:22,35855774,0
2024-03-12 03:26:22,35855809,2
2024-03-12 03:26:22,145369985,3
2024-03-12 03:26:22,152260960,1
2024-03-12 03:26:22,158039882,0
2024-03-12 03:26:22,158040425,1
2024-03-12 03:26:22,158040663,0
2024-03-12 03:26:22,158040927,0
2024-03-12 03:26:22,158041172,1
2024-03-12 03:26:22,158041482,1
2024-03-12 03:26:22,158041981,4
2024-03-12 03:26:22,158042216,2
2024-03-12 03:26:22,158042737,2
2024-03-12 03:26:22,158042992,1
2024-03-12 03:26:22,158046029,3
2024-03-12 03:26:22,158046288,2
2024-03-12 03:26:22,158046511,0
2024-03-12 03:26:22,158046728,1
2024-03-12 03:26:22,158046916,4
2024-03-12 03:26:22,167222018,0
2024-03-12 03:26:22,167222141,5
2024-03-12 03:26:22,176856256,0
2024-03-12 03:26:22,203568824,2
2024-03-12 03:26:22,265397056,2
2024-03-12 03:37:09,29745906,0
2024-03-12 03:37:09,29746009,3
2024-03-12 03:37:09,29746047,0
2024-03-12 03:37:09,29746068,2
2024-03-12 03:37:09,29746123,2
2024-03-12 03:37:09,29746679,1
2024-03-12 03:37:09,29747497,4
2024-03-12 03:37:09,29749806,3
2024-03-12 03:37:09,29749855,0
2024-03-12 03:37:09,29749951,0
2024-03-12 03:37:09,29750190,2
2024-03-12 03:37:09,29750264,2
2024-03-12 03:37:09,29750615,1
2024-03-12 03:37:09,29751228,2
2024-03-12 03:37:09,29751388,2
2024-03-12 03:37:09,29751426,7
2024-03-12 03:37:09,29751502,0
2024-03-12 03:37:09,29751545,2
2024-03-12 03:37:09,29751592,1
2024-03-12 03:37:09,29751674,0
2024-03-12 03:37:09,29751736,0
2024-03-12 03:37:09,29751789,0
2024-03-12 03:37:09,29751918,0
2024-03-12 03:37:09,29752309,8
2024-03-12 03:37:09,29752472,2
2024-03-12 03:37:09,29752573,0
2024-03-12 03:37:09,29753372,0
2024-03-12 03:37:09,29753410,0
2024-03-12 03:37:09,29755203,2
2024-03-12 03:37:09,29992386,4
2024-03-12 03:37:09,29992613,6
2024-03-12 03:37:09,30278163,0
2024-03-12 03:37:09,30613108,3
2024-03-12 03:37:09,30613827,0
2024-03-12 03:37:09,30613955,2
2024-03-12 03:37:09,30925063,1
2024-03-12 03:37:09,31868207,6
2024-03-12 03:37:09,35855774,0
2024-03-12 03:37:09,35855809,2
2024-03-12 03:37:09,145369985,3
2024-03-12 03:37:09,152260960,1
2024-03-12 03:37:09,158039882,0
2024-03-12 03:37:09,158040425,1
2024-03-12 03:37:09,158040663,0
2024-03-12 03:37:09,158040927,0
2024-03-12 03:37:09,158041172,1
2024-03-12 03:37:09,158041482,1
2024-03-12 03:37:09,158041981,4
2024-03-12 03:37:09,158042216,2
2024-03-12 03:37:09,158042737,2
2024-03-12 03:37:09,158042992,1
2024-03-12 03:37:09,158046029,3
2024-03-12 03:37:09,158046288,2
2024-03-12 03:37:09,158046511,0
2024-03-12 03:37:09,158046728,1
2024-03-12 03:37:09,158046916,4
2024-03-12 03:37:09,167222018,0
2024-03-12 03:37:09,167222141,5
2024-03-12 03:37:09,176856256,0
2024-03-12 03:37:09,203568824,2
2024-03-12 03:37:09,265397056,2
2024-03-12 03:52:56,29745906,0
2024-03-12 03:52:56,29746009,3
2024-03-12 03:52:56,29746047,0
2024-03-12 03:52:56,29746068,2
2024-03-12 03:52:56,29746123,2
2024-03-12 03:52:56,29746679,1
2024-03-12 03:52:56,29747497,4
2024-03-12 03:52:56,29749806,3
2024-03-12 03:52:56,29749855,0
2024-03-12 03:52:56,29749951,0
2024-03-12 03:52:56,29750190,2
2024-03-12 03:52:56,29750264,2
2024-03-12 03:52:56,29750615,1
2024-03-12 03:52:56,29751228,2
2024-03-12 03:52:56,29751388,2
2024-03-12 03:52:56,29751426,7
2024-03-12 03:52:56,29751502,0
2024-03-12 03:52:56,29751545,2
2024-03-12 03:52:56,29751592,1
2024-03-12 03:52:56,29751674,0
2024-03-12 03:52:56,29751736,0
2024-03-12 03:52:56,29751789,0
2024-03-12 03:52:56,29751918,0
2024-03-12 03:52:56,29752309,8
2024-03-12 03:52:56,29752472,2
2024-03-12 03:52:56,29752573,0
2024-03-12 03:52:56,29753372,0
2024-03-12 03:52:56,29753410,0
2024-03-12 03:52:56,29755203,2
2024-03-12 03:52:56,29992386,4
2024-03-12 03:52:56,29992613,6
2024-03-12 03:52:56,30278163,0
2024-03-12 03:52:56,30613108,3
2024-03-12 03:52:56,30613827,0
2024-03-12 03:52:56,30613955,2
2024-03-12 03:52:56,30925063,1
2024-03-12 03:52:56,31868207,6
2024-03-12 03:52:56,35855774,0
2024-03-12 03:52:56,35855809,2
2024-03-12 03:52:56,145369985,3
2024-03-12 03:52:56,152260960,1
2024-03-12 03:52:56,158039882,0
2024-03-12 03:52:56,158040425,1
2024-03-12 03:52:56,158040663,0
2024-03-12 03:52:56,158040927,0
2024-03-12 03:52:56,158041172,1
2024-03-12 03:52:56,158041482,1
2024-03-12 03:52:56,158041981,4
2024-03-12 03:52:56,158042216,2
2024-03-12 03:52:56,158042737,2
2024-03-12 03:52:56,158042992,1
2024-03-12 03:52:56,158046029,3
2024-03-12 03:52:56,158046288,2
2024-03-12 03:52:56,158046511,0
2024-03-12 03:52:56,158046728,1
2024-03-12 03:52:56,158046916,4
2024-03-12 03:52:56,167222018,0
2024-03-12 03:52:56,167222141,5
2024-03-12 03:52:56,176856256,0
2024-03-12 03:52:56,203568824,2
2024-03-12 03:52:56,265397056,2
2024-03-12 04:15:29,29745906,0
2024-03-12 04:15:29,29746009,3
2024-03-12 04:15:29,29746047,0
2024-03-12 04:15:29,29746068,2
2024-03-12 04:15:29,29746123,2
2024-03-12 04:15:29,29746679,1
2024-03-12 04:15:29,29747497,4
2024-03-12 04:15:29,29749806,3
2024-03-12 04:15:29,29749855,0
2024-03-12 04:15:29,29749951,0
2024-03-12 04:15:29,29750190,2
2024-03-12 04:15:29,29750264,2
2024-03-12 04:15:29,29750615,1
2024-03-12 04:15:29,29751228,2
2024-03-12 04:15:29,29751388,2
2024-03-12 04:15:29,29751426,7
2024-03-12 04:15:29,29751502,0
2024-03-12 04:15:29,29751545,2
2024-03-12 04:15:29,29751592,1
2024-03-12 04:15:29,29751674,0
2024-03-12 04:15:29,29751736,0
2024-03-12 04:15:29,29751789,0
2024-03-12 04:15:29,29751918,0
2024-03-12 04:15:29,29752309,8
2024-03-12 04:15:29,29752472,2
2024-03-12 04:15:29,29752573,0
2024-03-12 04:15:29,29753372,0
2024-03-12 04:15:29,29753410,0
2024-03-12 04:15:29,29755203,2
2024-03-12 04:15:29,29992386,4
2024-03-12 04:15:29,29992613,6
2024-03-12 04:15:29,30278163,0
2024-03-12 04:15:29,30613108,3
2024-03-12 04:15:29,30613827,0
2024-03-12 04:15:29,30613955,2
2024-03-12 04:15:29,30925063,1
2024-03-12 04:15:29,31868207,6
2024-03-12 04:15:29,35855774,0
2024-03-12 04:15:29,35855809,2
2024-03-12 04:15:29,145369985,3
2024-03-12 04:15:29,152260960,1
2024-03-12 04:15:29,158039882,0
2024-03-12 04:15:29,158040425,1
2024-03-12 04:15:29,158040663,0
2024-03-12 04:15:29,158040927,0
2024-03-12 04:15:29,158041172,1
2024-03-12 04:15:29,158041482,1
2024-03-12 04:15:29,158041981,4
2024-03-12 04:15:29,158042216,2
2024-03-12 04:15:29,158042737,2
2024-03-12 04:15:29,158042992,1
2024-03-12 04:15:29,158046029,3
2024-03-12 04:15:29,158046288,2
2024-03-12 04:15:29,158046511,0
2024-03-12 04:15:29,158046728,1
2024-03-12 04:15:29,158046916,4
2024-03-12 04:15:29,167222018,0
2024-03-12 04:15:29,167222141,5
2024-03-12 04:15:29,176856256,0
2024-03-12 04:15:29,203568824,2
2024-03-12 04:15:29,265397056,2
2024-03-12 04:26:19,29745906,0
2024-03-12 04:26:19,29746009,3
2024-03-12 04:26:19,29746047,0
2024-03-12 04:26:19,29746068,2
2024-03-12 04:26:19,29746123,2
2024-03-12 04:26:19,29746679,1
2024-03-12 04:26:19,29747497,4
2024-03-12 04:26:19,29749806,3
2024-03-12 04:26:19,29749855,0
2024-03-12 04:26:19,29749951,0
2024-03-12 04:26:19,29750190,2
2024-03-12 04:26:19,29750264,2
2024-03-12 04:26:19,29750615,1
2024-03-12 04:26:19,29751228,2
2024-03-12 04:26:19,29751388,2
2024-03-12 04:26:19,29751426,7
2024-03-12 04:26:19,29751502,0
2024-03-12 04:26:19,29751545,2
2024-03-12 04:26:19,29751592,1
2024-03-12 04:26:19,29751674,0
2024-03-12 04:26:19,29751736,0
2024-03-12 04:26:19,29751789,0
2024-03-12 04:26:19,29751918,0
2024-03-12 04:26:19,29752309,8
2024-03-12 04:26:19,29752472,2
2024-03-12 04:26:19,29752573,0
2024-03-12 04:26:19,29753372,0
2024-03-12 04:26:19,29753410,0
2024-03-12 04:26:19,29755203,2
2024-03-12 04:26:19,29992386,4
2024-03-12 04:26:19,29992613,6
2024-03-12 04:26:19,30278163,0
2024-03-12 04:26:19,30613108,3
2024-03-12 04:26:19,30613827,0
2024-03-12 04:26:19,30613955,2
2024-03-12 04:26:19,30925063,1
2024-03-12 04:26:19,31868207,6
2024-03-12 04:26:19,35855774,0
2024-03-12 04:26:19,35855809,2
2024-03-12 04:26:19,145369985,3
2024-03-12 04:26:19,152260960,1
2024-03-12 04:26:19,158039882,0
2024-03-12 04:26:19,158040425,1
2024-03-12 04:26:19,158040663,0
2024-03-12 04:26:19,158040927,0
2024-03-12 04:26:19,158041172,1
2024-03-12 04:26:19,158041482,1
2024-03-12 04:26:19,158041981,4
2024-03-12 04:26:19,158042216,2
2024-03-12 04:26:19,158042737,2
2024-03-12 04:26:19,158042992,1
2024-03-12 04:26:19,158046029,3
2024-03-12 04:26:19,158046288,2
2024-03-12 04:26:19,158046511,0
2024-03-12 04:26:19,158046728,1
2024-03-12 04:26:19,158046916,4
2024-03-12 04:26:19,167222018,0
2024-03-12 04:26:19,167222141,5
2024-03-12 04:26:19,176856256,0
2024-03-12 04:26:19,203568824,2
2024-03-12 04:26:19,265397056,2
2024-03-12 04:36:26,29745906,0
2024-03-12 04:36:26,29746009,3
2024-03-12 04:36:26,29746047,0
2024-03-12 04:36:26,29746068,2
2024-03-12 04:36:26,29746123,2
2024-03-12 04:36:26,29746679,1
2024-03-12 04:36:26,29747497,4
2024-03-12 04:36:26,29749806,3
2024-03-12 04:36:26,29749855,0
2024-03-12 04:36:26,29749951,0
2024-03-12 04:36:26,29750190,2
2024-03-12 04:36:26,29750264,2
2024-03-12 04:36:26,29750615,1
2024-03-12 04:36:26,29751228,2
2024-03-12 04:36:26,29751388,2
2024-03-12 04:36:26,29751426,7
2024-03-12 04:36:26,29751502,0
2024-03-12 04:36:26,29751545,2
2024-03-12 04:36:26,29751592,1
2024-03-12 04:36:26,29751674,0
2024-03-12 04:36:26,29751736,0
2024-03-12 04:36:26,29751789,0
2024-03-12 04:36:26,29751918,0
2024-03-12 04:36:26,29752309,8
2024-03-12 04:36:26,29752472,2
2024-03-12 04:36:26,29752573,0
2024-03-12 04:36:26,29753372,0
2024-03-12 04:36:26,29753410,0
2024-03-12 04:36:26,29755203,2
2024-03-12 04:36:26,29992386,4
2024-03-12 04:36:26,29992613,6
2024-03-12 04:36:26,30278163,0
2024-03-12 04:36:26,30613108,3
2024-03-12 04:36:26,30613827,0
2024-03-12 04:36:26,30613955,2
2024-03-12 04:36:26,30925063,1
2024-03-12 04:36:26,31868207,6
2024-03-12 04:36:26,35855774,0
2024-03-12 04:36:26,35855809,2
2024-03-12 04:36:26,145369985,3
2024-03-12 04:36:26,152260960,1
2024-03-12 04:36:26,158039882,0
2024-03-12 04:36:26,158040425,1
2024-03-12 04:36:26,158040663,0
2024-03-12 04:36:26,158040927,0
2024-03-12 04:36:26,158041172,1
2024-03-12 04:36:26,158041482,1
2024-03-12 04:36:26,158041981,4
2024-03-12 04:36:26,158042216,2
2024-03-12 04:36:26,158042737,2
2024-03-12 04:36:26,158042992,1
2024-03-12 04:36:26,158046029,3
2024-03-12 04:36:26,158046288,2
2024-03-12 04:36:26,158046511,0
2024-03-12 04:36:26,158046728,1
2024-03-12 04:36:26,158046916,4
2024-03-12 04:36:26,167222018,0
2024-03-12 04:36:26,167222141,5
2024-03-12 04:36:26,176856256,0
2024-03-12 04:36:26,203568824,2
2024-03-12 04:36:26,265397056,2
2024-03-12 04:52:51,29745906,0
2024-03-12 04:52:51,29746009,3
2024-03-12 04:52:51,29746047,0
2024-03-12 04:52:51,29746068,2
2024-03-12 04:52:51,29746123,2
2024-03-12 04:52:51,29746679,1
2024-03-12 04:52:51,29747497,4
2024-03-12 04:52:51,29749806,3
2024-03-12 04:52:51,29749855,0
2024-03-12 04:52:51,29749951,0
2024-03-12 04:52:51,29750190,2
2024-03-12 04:52:51,29750264,2
2024-03-12 04:52:51,29750615,1
2024-03-12 04:52:51,29751228,2
2024-03-12 04:52:51,29751388,2
2024-03-12 04:52:51,29751426,7
2024-03-12 04:52:51,29751502,0
2024-03-12 04:52:51,29751545,2
2024-03-12 04:52:51,29751592,1
2024-03-12 04:52:51,29751674,0
2024-03-12 04:52:51,29751736,0
2024-03-12 04:52:51,29751789,0
2024-03-12 04:52:51,29751918,0
2024-03-12 04:52:51,29752309,8
2024-03-12 04:52:51,29752472,2
2024-03-12 04:52:51,29752573,0
2024-03-12 04:52:51,29753372,0
2024-03-12 04:52:51,29753410,0
2024-03-12 04:52:51,29755203,2
2024-03-12 04:52:51,29992386,4
2024-03-12 04:52:51,29992613,6
2024-03-12 04:52:51,30278163,0
2024-03-12 04:52:51,30613108,3
2024-03-12 04:52:51,30613827,0
2024-03-12 04:52:51,30613955,2
2024-03-12 04:52:51,30925063,1
2024-03-12 04:52:51,31868207,6
2024-03-12 04:52:51,35855774,0
2024-03-12 04:52:51,35855809,2
2024-03-12 04:52:51,145369985,3
2024-03-12 04:52:51,152260960,1
2024-03-12 04:52:51,158039882,0
2024-03-12 04:52:51,158040425,1
2024-03-12 04:52:51,158040663,0
2024-03-12 04:52:51,158040927,0
2024-03-12 04:52:51,158041172,1
2024-03-12 04:52:51,158041482,1
2024-03-12 04:52:51,158041981,4
2024-03-12 04:52:51,158042216,2
2024-03-12 04:52:51,158042737,2
2024-03-12 04:52:51,158042992,1
2024-03-12 04:52:51,158046029,3
2024-03-12 04:52:51,158046288,2
2024-03-12 04:52:51,158046511,0
2024-03-12 04:52:51,158046728,1
2024-03-12 04:52:51,158046916,4
2024-03-12 04:52:51,167222018,0
2024-03-12 04:52:51,167222141,5
2024-03-12 04:52:51,176856256,0
2024-03-12 04:52:51,203568824,2
2024-03-12 04:52:51,265397056,2
2024-03-12 05:17:08,29745906,0
2024-03-12 05:17:08,29746009,3
2024-03-12 05:17:08,29746047,0
2024-03-12 05:17:08,29746068,2
2024-03-12 05:17:08,29746123,2
2024-03-12 05:17:08,29746679,1
2024-03-12 05:17:08,29747497,4
2024-03-12 05:17:08,29749806,3
2024-03-12 05:17:08,29749855,0
2024-03-12 05:17:08,29749951,0
2024-03-12 05:17:08,29750190,2
2024-03-12 05:17:08,29750264,2
2024-03-12 05:17:08,29750615,1
2024-03-12 05:17:08,29751228,2
2024-03-12 05:17:08,29751388,2
2024-03-12 05:17:08,29751426,7
2024-03-12 05:17:08,29751502,0
2024-03-12 05:17:08,29751545,2
2024-03-12 05:17:08,29751592,1
2024-03-12 05:17:08,29751674,0
2024-03-12 05:17:08,29751736,0
2024-03-12 05:17:08,29751789,0
2024-03-12 05:17:08,29751918,0
2024-03-12 05:17:08,29752309,8
2024-03-12 05:17:08,29752472,2
2024-03-12 05:17:08,29752573,0
2024-03-12 05:17:08,29753372,0
2024-03-12 05:17:08,29753410,0
2024-03-12 05:17:08,29755203,2
2024-03-12 05:17:08,29992386,4
2024-03-12 05:17:08,29992613,6
2024-03-12 05:17:08,30278163,0
2024-03-12 05:17:08,30613108,3
2024-03-12 05:17:08,30613827,0
2024-03-12 05:17:08,30613955,2
2024-03-12 05:17:08,30925063,1
2024-03-12 05:17:08,31868207,6
2024-03-12 05:17:08,35855774,0
2024-03-12 05:17:08,35855809,2
2024-03-12 05:17:08,145369985,3
2024-03-12 05:17:08,152260960,1
2024-03-12 05:17:08,158039882,0
2024-03-12 05:17:08,158040425,1
2024-03-12 05:17:08,158040663,0
2024-03-12 05:17:08,158040927,0
2024-03-12 05:17:08,158041172,1
2024-03-12 05:17:08,158041482,1
2024-03-12 05:17:08,158041981,4
2024-03-12 05:17:08,158042216,2
2024-03-12 05:17:08,158042737,2
2024-03-12 05:17:08,158042992,1
2024-03-12 05:17:08,158046029,3
2024-03-12 05:17:08,158046288,2
2024-03-12 05:17:08,158046511,0
2024-03-12 05:17:08,158046728,1
2024-03-12 05:17:08,158046916,4
2024-03-12 05:17:08,167222018,0
2024-03-12 05:17:08,167222141,5
2024-03-12 05:17:08,176856256,0
2024-03-12 05:17:08,203568824,2
2024-03-12 05:17:08,265397056,2
2024-03-12 05:27:39,29745906,0
2024-03-12 05:27:39,29746009,3
2024-03-12 05:27:39,29746047,0
2024-03-12 05:27:39,29746068,2
2024-03-12 05:27:39,29746123,2
2024-03-12 05:27:39,29746679,1
2024-03-12 05:27:39,29747497,4
2024-03-12 05:27:39,29749806,3
2024-03-12 05:27:39,29749855,0
2024-03-12 05:27:39,29749951,0
2024-03-12 05:27:39,29750190,2
2024-03-12 05:27:39,29750264,2
2024-03-12 05:27:39,29750615,1
2024-03-12 05:27:39,29751228,2
2024-03-12 05:27:39,29751388,2
2024-03-12 05:27:39,29751426,7
2024-03-12 05:27:39,29751502,0
2024-03-12 05:27:39,29751545,2
2024-03-12 05:27:39,29751592,1
2024-03-12 05:27:39,29751674,0
2024-03-12 05:27:39,29751736,0
2024-03-12 05:27:39,29751789,0
2024-03-12 05:27:39,29751918,0
2024-03-12 05:27:39,29752309,8
2024-03-12 05:27:39,29752472,2
2024-03-12 05:27:39,29752573,0
2024-03-12 05:27:39,29753372,0
2024-03-12 05:27:39,29753410,0
2024-03-12 05:27:39,29755203,2
2024-03-12 05:27:39,29992386,4
2024-03-12 05:27:39,29992613,6
2024-03-12 05:27:39,30278163,0
2024-03-12 05:27:39,30613108,3
2024-03-12 05:27:39,30613827,0
2024-03-12 05:27:39,30613955,2
2024-03-12 05:27:39,30925063,1
2024-03-12 05:27:39,31868207,6
2024-03-12 05:27:39,35855774,0
2024-03-12 05:27:39,35855809,2
2024-03-12 05:27:39,145369985,3
2024-03-12 05:27:39,152260960,1
2024-03-12 05:27:39,158039882,0
2024-03-12 05:27:39,158040425,1
2024-03-12 05:27:39,158040663,0
2024-03-12 05:27:39,158040927,0
2024-03-12 05:27:39,158041172,1
2024-03-12 05:27:39,158041482,1
2024-03-12 05:27:39,158041981,4
2024-03-12 05:27:39,158042216,2
2024-03-12 05:27:39,158042737,2
2024-03-12 05:27:39,158042992,1
2024-03-12 05:27:39,158046029,3
2024-03-12 05:27:39,158046288,2
2024-03-12 05:27:39,158046511,0
2024-03-12 05:27:39,158046728,1
2024-03-12 05:27:39,158046916,4
2024-03-12 05:27:39,167222018,0
2024-03-12 05:27:39,167222141,5
2024-03-12 05:27:39,176856256,0
2024-03-12 05:27:39,203568824,2
2024-03-12 05:27:39,265397056,2
2024-03-12 05:37:08,29745906,0
2024-03-12 05:37:08,29746009,3
2024-03-12 05:37:08,29746047,0
2024-03-12 05:37:08,29746068,2
2024-03-12 05:37:08,29746123,2
2024-03-12 05:37:08,29746679,1
2024-03-12 05:37:08,29747497,4
2024-03-12 05:37:08,29749806,3
2024-03-12 05:37:08,29749855,0
2024-03-12 05:37:08,29749951,0
2024-03-12 05:37:08,29750190,2
2024-03-12 05:37:08,29750264,2
2024-03-12 05:37:08,29750615,1
2024-03-12 05:37:08,29751228,2
2024-03-12 05:37:08,29751388,2
2024-03-12 05:37:08,29751426,7
2024-03-12 05:37:08,29751502,0
2024-03-12 05:37:08,29751545,2
2024-03-12 05:37:08,29751592,1
2024-03-12 05:37:08,29751674,0
2024-03-12 05:37:08,29751736,0
2024-03-12 05:37:08,29751789,0
2024-03-12 05:37:08,29751918,0
2024-03-12 05:37:08,29752309,8
2024-03-12 05:37:08,29752472,2
2024-03-12 05:37:08,29752573,0
2024-03-12 05:37:08,29753372,0
2024-03-12 05:37:08,29753410,0
2024-03-12 05:37:08,29755203,2
2024-03-12 05:37:08,29992386,4
2024-03-12 05:37:08,29992613,6
2024-03-12 05:37:08,30278163,0
2024-03-12 05:37:08,30613108,3
2024-03-12 05:37:08,30613827,0
2024-03-12 05:37:08,30613955,2
2024-03-12 05:37:08,30925063,1
2024-03-12 05:37:08,31868207,6
2024-03-12 05:37:08,35855774,0
2024-03-12 05:37:08,35855809,2
2024-03-12 05:37:08,145369985,3
2024-03-12 05:37:08,152260960,1
2024-03-12 05:37:08,158039882,0
2024-03-12 05:37:08,158040425,1
2024-03-12 05:37:08,158040663,0
2024-03-12 05:37:08,158040927,0
2024-03-12 05:37:08,158041172,1
2024-03-12 05:37:08,158041482,1
2024-03-12 05:37:08,158041981,4
2024-03-12 05:37:08,158042216,2
2024-03-12 05:37:08,158042737,2
2024-03-12 05:37:08,158042992,1
2024-03-12 05:37:08,158046029,3
2024-03-12 05:37:08,158046288,2
2024-03-12 05:37:08,158046511,0
2024-03-12 05:37:08,158046728,1
2024-03-12 05:37:08,158046916,4
2024-03-12 05:37:08,167222018,0
2024-03-12 05:37:08,167222141,5
2024-03-12 05:37:08,176856256,0
2024-03-12 05:37:08,203568824,2
2024-03-12 05:37:08,265397056,2
2024-03-12 05:53:00,29745906,0
2024-03-12 05:53:00,29746009,3
2024-03-12 05:53:00,29746047,0
2024-03-12 05:53:00,29746068,2
2024-03-12 05:53:00,29746123,2
2024-03-12 05:53:00,29746679,1
2024-03-12 05:53:00,29747497,4
2024-03-12 05:53:00,29749806,3
2024-03-12 05:53:00,29749855,0
2024-03-12 05:53:00,29749951,0
2024-03-12 05:53:00,29750190,2
2024-03-12 05:53:00,29750264,2
2024-03-12 05:53:00,29750615,1
2024-03-12 05:53:00,29751228,2
2024-03-12 05:53:00,29751388,2
2024-03-12 05:53:00,29751426,7
2024-03-12 05:53:00,29751502,0
2024-03-12 05:53:00,29751545,2
2024-03-12 05:53:00,29751592,1
2024-03-12 05:53:00,29751674,0
2024-03-12 05:53:00,29751736,0
2024-03-12 05:53:00,29751789,0
2024-03-12 05:53:00,29751918,0
2024-03-12 05:53:00,29752309,8
2024-03-12 05:53:00,29752472,2
2024-03-12 05:53:00,29752573,0
2024-03-12 05:53:00,29753372,0
2024-03-12 05:53:00,29753410,0
2024-03-12 05:53:00,29755203,2
2024-03-12 05:53:00,29992386,4
2024-03-12 05:53:00,29992613,6
2024-03-12 05:53:00,30278163,0
2024-03-12 05:53:00,30613108,3
2024-03-12 05:53:00,30613827,0
2024-03-12 05:53:00,30613955,2
2024-03-12 05:53:00,30925063,1
2024-03-12 05:53:00,31868207,6
2024-03-12 05:53:00,35855774,0
2024-03-12 05:53:00,35855809,2
2024-03-12 05:53:00,145369985,3
2024-03-12 05:53:00,152260960,1
2024-03-12 05:53:00,158039882,0
2024-03-12 05:53:00,158040425,1
2024-03-12 05:53:00,158040663,0
2024-03-12 05:53:00,158040927,0
2024-03-12 05:53:00,158041172,1
2024-03-12 05:53:00,158041482,1
2024-03-12 05:53:00,158041981,4
2024-03-12 05:53:00,158042216,2
2024-03-12 05:53:00,158042737,2
2024-03-12 05:53:00,158042992,1
2024-03-12 05:53:00,158046029,3
2024-03-12 05:53:00,158046288,2
2024-03-12 05:53:00,158046511,0
2024-03-12 05:53:00,158046728,1
2024-03-12 05:53:00,158046916,4
2024-03-12 05:53:00,167222018,0
2024-03-12 05:53:00,167222141,5
2024-03-12 05:53:00,176856256,0
2024-03-12 05:53:00,203568824,2
2024-03-12 05:53:00,265397056,2
2024-03-12 06:13:57,29745906,0
2024-03-12 06:13:57,29746009,3
2024-03-12 06:13:57,29746047,0
2024-03-12 06:13:57,29746068,2
2024-03-12 06:13:57,29746123,2
2024-03-12 06:13:57,29746679,1
2024-03-12 06:13:57,29747497,4
2024-03-12 06:13:57,29749806,3
2024-03-12 06:13:57,29749855,0
2024-03-12 06:13:57,29749951,0
2024-03-12 06:13:57,29750190,2
2024-03-12 06:13:57,29750264,2
2024-03-12 06:13:57,29750615,1
2024-03-12 06:13:57,29751228,2
2024-03-12 06:13:57,29751388,2
2024-03-12 06:13:57,29751426,7
2024-03-12 06:13:57,29751502,0
2024-03-12 06:13:57,29751545,2
2024-03-12 06:13:57,29751592,1
2024-03-12 06:13:57,29751674,0
2024-03-12 06:13:57,29751736,0
2024-03-12 06:13:57,29751789,0
2024-03-12 06:13:57,29751918,0
2024-03-12 06:13:57,29752309,8
2024-03-12 06:13:57,29752472,2
2024-03-12 06:13:57,29752573,0
2024-03-12 06:13:57,29753372,0
2024-03-12 06:13:57,29753410,0
2024-03-12 06:13:57,29755203,2
2024-03-12 06:13:57,29992386,4
2024-03-12 06:13:57,29992613,6
2024-03-12 06:13:57,30278163,0
2024-03-12 06:13:57,30613108,3
2024-03-12 06:13:57,30613827,0
2024-03-12 06:13:57,30613955,2
2024-03-12 06:13:57,30925063,1
2024-03-12 06:13:57,31868207,6
2024-03-12 06:13:57,35855774,0
2024-03-12 06:13:57,35855809,2
2024-03-12 06:13:57,145369985,3
2024-03-12 06:13:57,152260960,1
2024-03-12 06:13:57,158039882,0
2024-03-12 06:13:57,158040425,1
2024-03-12 06:13:57,158040663,0
2024-03-12 06:13:57,158040927,0
2024-03-12 06:13:57,158041172,1
2024-03-12 06:13:57,158041482,1
2024-03-12 06:13:57,158041981,4
2024-03-12 06:13:57,158042216,2
2024-03-12 06:13:57,158042737,2
2024-03-12 06:13:57,158042992,1
2024-03-12 06:13:57,158046029,3
2024-03-12 06:13:57,158046288,2
2024-03-12 06:13:57,158046511,0
2024-03-12 06:13:57,158046728,1
2024-03-12 06:13:57,158046916,4
2024-03-12 06:13:57,167222018,0
2024-03-12 06:13:57,167222141,5
2024-03-12 06:13:57,176856256,0
2024-03-12 06:13:57,203568824,2
2024-03-12 06:13:57,265397056,2
2024-03-12 06:25:56,29745906,0
2024-03-12 06:25:56,29746009,3
2024-03-12 06:25:56,29746047,0
2024-03-12 06:25:56,29746068,2
2024-03-12 06:25:56,29746123,2
2024-03-12 06:25:56,29746679,1
2024-03-12 06:25:56,29747497,4
2024-03-12 06:25:56,29749806,3
2024-03-12 06:25:56,29749855,0
2024-03-12 06:25:56,29749951,0
2024-03-12 06:25:56,29750190,2
2024-03-12 06:25:56,29750264,2
2024-03-12 06:25:56,29750615,1
2024-03-12 06:25:56,29751228,2
2024-03-12 06:25:56,29751388,2
2024-03-12 06:25:56,29751426,7
2024-03-12 06:25:56,29751502,0
2024-03-12 06:25:56,29751545,2
2024-03-12 06:25:56,29751592,1
2024-03-12 06:25:56,29751674,0
2024-03-12 06:25:56,29751736,0
2024-03-12 06:25:56,29751789,0
2024-03-12 06:25:56,29751918,0
2024-03-12 06:25:56,29752309,8
2024-03-12 06:25:56,29752472,2
2024-03-12 06:25:56,29752573,0
2024-03-12 06:25:56,29753372,0
2024-03-12 06:25:56,29753410,0
2024-03-12 06:25:56,29755203,2
2024-03-12 06:25:56,29992386,4
2024-03-12 06:25:56,29992613,6
2024-03-12 06:25:56,30278163,0
2024-03-12 06:25:56,30613108,3
2024-03-12 06:25:56,30613827,0
2024-03-12 06:25:56,30613955,2
2024-03-12 06:25:56,30925063,1
2024-03-12 06:25:56,31868207,6
2024-03-12 06:25:56,35855774,0
2024-03-12 06:25:56,35855809,2
2024-03-12 06:25:56,145369985,3
2024-03-12 06:25:56,152260960,1
2024-03-12 06:25:56,158039882,0
2024-03-12 06:25:56,158040425,1
2024-03-12 06:25:56,158040663,0
2024-03-12 06:25:56,158040927,0
2024-03-12 06:25:56,158041172,1
2024-03-12 06:25:56,158041482,1
2024-03-12 06:25:56,158041981,4
2024-03-12 06:25:56,158042216,2
2024-03-12 06:25:56,158042737,2
2024-03-12 06:25:56,158042992,1
2024-03-12 06:25:56,158046029,3
2024-03-12 06:25:56,158046288,2
2024-03-12 06:25:56,158046511,0
2024-03-12 06:25:56,158046728,1
2024-03-12 06:25:56,158046916,4
2024-03-12 06:25:56,167222018,0
2024-03-12 06:25:56,167222141,5
2024-03-12 06:25:56,176856256,0
2024-03-12 06:25:56,203568824,2
2024-03-12 06:25:56,265397056,2
2024-03-12 06:36:24,29745906,0
2024-03-12 06:36:24,29746009,3
2024-03-12 06:36:24,29746047,0
2024-03-12 06:36:24,29746068,2
2024-03-12 06:36:24,29746123,2
2024-03-12 06:36:24,29746679,1
2024-03-12 06:36:24,29747497,4
2024-03-12 06:36:24,29749806,3
2024-03-12 06:36:24,29749855,0
2024-03-12 06:36:24,29749951,0
2024-03-12 06:36:24,29750190,2
2024-03-12 06:36:24,29750264,2
2024-03-12 06:36:24,29750615,1
2024-03-12 06:36:24,29751228,2
2024-03-12 06:36:24,29751388,2
2024-03-12 06:36:24,29751426,7
2024-03-12 06:36:24,29751502,0
2024-03-12 06:36:24,29751545,2
2024-03-12 06:36:24,29751592,1
2024-03-12 06:36:24,29751674,0
2024-03-12 06:36:24,29751736,0
2024-03-12 06:36:24,29751789,0
2024-03-12 06:36:24,29751918,0
2024-03-12 06:36:24,29752309,8
2024-03-12 06:36:24,29752472,2
2024-03-12 06:36:24,29752573,0
2024-03-12 06:36:24,29753372,0
2024-03-12 06:36:24,29753410,0
2024-03-12 06:36:24,29755203,2
2024-03-12 06:36:24,29992386,4
2024-03-12 06:36:24,29992613,6
2024-03-12 06:36:24,30278163,0
2024-03-12 06:36:24,30613108,3
2024-03-12 06:36:24,30613827,0
2024-03-12 06:36:24,30613955,2
2024-03-12 06:36:24,30925063,1
2024-03-12 06:36:24,31868207,6
2024-03-12 06:36:24,35855774,0
2024-03-12 06:36:24,35855809,2
2024-03-12 06:36:24,145369985,3
2024-03-12 06:36:24,152260960,1
2024-03-12 06:36:24,158039882,0
2024-03-12 06:36:24,158040425,1
2024-03-12 06:36:24,158040663,0
2024-03-12 06:36:24,158040927,0
2024-03-12 06:36:24,158041172,1
2024-03-12 06:36:24,158041482,1
2024-03-12 06:36:24,158041981,4
2024-03-12 06:36:24,158042216,2
2024-03-12 06:36:24,158042737,2
2024-03-12 06:36:24,158042992,1
2024-03-12 06:36:24,158046029,3
2024-03-12 06:36:24,158046288,1
2024-03-12 06:36:24,158046511,0
2024-03-12 06:36:24,158046728,1
2024-03-12 06:36:24,158046916,4
2024-03-12 06:36:24,167222018,0
2024-03-12 06:36:24,167222141,5
2024-03-12 06:36:24,176856256,0
2024-03-12 06:36:24,203568824,3
2024-03-12 06:36:24,265397056,2
2024-03-12 06:53:02,29745906,0
2024-03-12 06:53:02,29746009,3
2024-03-12 06:53:02,29746047,0
2024-03-12 06:53:02,29746068,2
2024-03-12 06:53:02,29746123,2
2024-03-12 06:53:02,29746679,1
2024-03-12 06:53:02,29747497,4
2024-03-12 06:53:02,29749806,3
2024-03-12 06:53:02,29749855,0
2024-03-12 06:53:02,29749951,0
2024-03-12 06:53:02,29750190,2
2024-03-12 06:53:02,29750264,2
2024-03-12 06:53:02,29750615,1
2024-03-12 06:53:02,29751228,2
2024-03-12 06:53:02,29751388,2
2024-03-12 06:53:02,29751426,7
2024-03-12 06:53:02,29751502,0
2024-03-12 06:53:02,29751545,2
2024-03-12 06:53:02,29751592,1
2024-03-12 06:53:02,29751674,0
2024-03-12 06:53:02,29751736,0
2024-03-12 06:53:02,29751789,0
2024-03-12 06:53:02,29751918,0
2024-03-12 06:53:02,29752309,8
2024-03-12 06:53:02,29752472,2
2024-03-12 06:53:02,29752573,0
2024-03-12 06:53:02,29753372,0
2024-03-12 06:53:02,29753410,0
2024-03-12 06:53:02,29755203,2
2024-03-12 06:53:02,29992386,4
2024-03-12 06:53:02,29992613,6
2024-03-12 06:53:02,30278163,0
2024-03-12 06:53:02,30613108,3
2024-03-12 06:53:02,30613827,0
2024-03-12 06:53:02,30613955,2
2024-03-12 06:53:02,30925063,1
2024-03-12 06:53:02,31868207,6
2024-03-12 06:53:02,35855774,0
2024-03-12 06:53:02,35855809,2
2024-03-12 06:53:02,145369985,3
2024-03-12 06:53:02,152260960,1
2024-03-12 06:53:02,158039882,0
2024-03-12 06:53:02,158040425,1
2024-03-12 06:53:02,158040663,0
2024-03-12 06:53:02,158040927,0
2024-03-12 06:53:02,158041172,1
2024-03-12 06:53:02,158041482,1
2024-03-12 06:53:02,158041981,4
2024-03-12 06:53:02,158042216,2
2024-03-12 06:53:02,158042737,2
2024-03-12 06:53:02,158042992,1
2024-03-12 06:53:02,158046029,3
2024-03-12 06:53:02,158046288,1
2024-03-12 06:53:02,158046511,0
2024-03-12 06:53:02,158046728,1
2024-03-12 06:53:02,158046916,4
2024-03-12 06:53:02,167222018,0
2024-03-12 06:53:02,167222141,5
2024-03-12 06:53:02,176856256,0
2024-03-12 06:53:02,203568824,3
2024-03-12 06:53:02,265397056,2
2024-03-12 07:16:18,29745906,0
2024-03-12 07:16:18,29746009,3
2024-03-12 07:16:18,29746047,0
2024-03-12 07:16:18,29746068,2
2024-03-12 07:16:18,29746123,2
2024-03-12 07:16:18,29746679,1
2024-03-12 07:16:18,29747497,4
2024-03-12 07:16:18,29749806,3
2024-03-12 07:16:18,29749855,0
2024-03-12 07:16:18,29749951,0
2024-03-12 07:16:18,29750190,2
2024-03-12 07:16:18,29750264,2
2024-03-12 07:16:18,29750615,1
2024-03-12 07:16:18,29751228,2
2024-03-12 07:16:18,29751388,2
2024-03-12 07:16:18,29751426,7
2024-03-12 07:16:18,29751502,0
2024-03-12 07:16:18,29751545,2
2024-03-12 07:16:18,29751592,1
2024-03-12 07:16:18,29751674,0
2024-03-12 07:16:18,29751736,0
2024-03-12 07:16:18,29751789,0
2024-03-12 07:16:18,29751918,0
2024-03-12 07:16:18,29752309,9
2024-03-12 07:16:18,29752472,2
2024-03-12 07:16:18,29752573,0
2024-03-12 07:16:18,29753372,0
2024-03-12 07:16:18,29753410,0
2024-03-12 07:16:18,29755203,2
2024-03-12 07:16:18,29992386,4
2024-03-12 07:16:18,29992613,6
2024-03-12 07:16:18,30278163,0
2024-03-12 07:16:18,30613108,3
2024-03-12 07:16:18,30613827,0
2024-03-12 07:16:18,30613955,2
2024-03-12 07:16:18,30925063,1
2024-03-12 07:16:18,31868207,6
2024-03-12 07:16:18,35855774,0
2024-03-12 07:16:18,35855809,2
2024-03-12 07:16:18,145369985,3
2024-03-12 07:16:18,152260960,1
2024-03-12 07:16:18,158039882,0
2024-03-12 07:16:18,158040425,1
2024-03-12 07:16:18,158040663,0
2024-03-12 07:16:18,158040927,0
2024-03-12 07:16:18,158041172,1
2024-03-12 07:16:18,158041482,1
2024-03-12 07:16:18,158041981,3
2024-03-12 07:16:18,158042216,2
2024-03-12 07:16:18,158042737,2
2024-03-12 07:16:18,158042992,1
2024-03-12 07:16:18,158046029,3
2024-03-12 07:16:18,158046288,1
2024-03-12 07:16:18,158046511,0
2024-03-12 07:16:18,158046728,1
2024-03-12 07:16:18,158046916,4
2024-03-12 07:16:18,167222018,0
2024-03-12 07:16:18,167222141,5
2024-03-12 07:16:18,176856256,0
2024-03-12 07:16:18,203568824,3
2024-03-12 07:16:18,265397056,2
2024-03-12 07:26:28,29745906,0
2024-03-12 07:26:28,29746009,3
2024-03-12 07:26:28,29746047,0
2024-03-12 07:26:28,29746068,2
2024-03-12 07:26:28,29746123,2
2024-03-12 07:26:28,29746679,1
2024-03-12 07:26:28,29747497,4
2024-03-12 07:26:28,29749806,3
2024-03-12 07:26:28,29749855,0
2024-03-12 07:26:28,29749951,0
2024-03-12 07:26:28,29750190,2
2024-03-12 07:26:28,29750264,2
2024-03-12 07:26:28,29750615,1
2024-03-12 07:26:28,29751228,2
2024-03-12 07:26:28,29751388,2
2024-03-12 07:26:28,29751426,7
2024-03-12 07:26:28,29751502,0
2024-03-12 07:26:28,29751545,2
2024-03-12 07:26:28,29751592,1
2024-03-12 07:26:28,29751674,0
2024-03-12 07:26:28,29751736,0
2024-03-12 07:26:28,29751789,0
2024-03-12 07:26:28,29751918,0
2024-03-12 07:26:28,29752309,8
2024-03-12 07:26:28,29752472,2
2024-03-12 07:26:28,29752573,0
2024-03-12 07:26:28,29753372,0
2024-03-12 07:26:28,29753410,0
2024-03-12 07:26:28,29755203,2
2024-03-12 07:26:28,29992386,4
2024-03-12 07:26:28,29992613,6
2024-03-12 07:26:28,30278163,0
2024-03-12 07:26:28,30613108,3
2024-03-12 07:26:28,30613827,0
2024-03-12 07:26:28,30613955,2
2024-03-12 07:26:28,30925063,1
2024-03-12 07:26:28,31868207,6
2024-03-12 07:26:28,35855774,0
2024-03-12 07:26:28,35855809,2
2024-03-12 07:26:28,145369985,3
2024-03-12 07:26:28,152260960,1
2024-03-12 07:26:28,158039882,0
2024-03-12 07:26:28,158040425,1
2024-03-12 07:26:28,158040663,0
2024-03-12 07:26:28,158040927,0
2024-03-12 07:26:28,158041172,1
2024-03-12 07:26:28,158041482,1
2024-03-12 07:26:28,158041981,3
2024-03-12 07:26:28,158042216,2
2024-03-12 07:26:28,158042737,2
2024-03-12 07:26:28,158042992,1
2024-03-12 07:26:28,158046029,3
2024-03-12 07:26:28,158046288,1
2024-03-12 07:26:28,158046511,0
2024-03-12 07:26:28,158046728,1
2024-03-12 07:26:28,158046916,4
2024-03-12 07:26:28,167222018,0
2024-03-12 07:26:28,167222141,5
2024-03-12 07:26:28,176856256,0
2024-03-12 07:26:28,203568824,3
2024-03-12 07:26:28,265397056,2
2024-03-12 07:36:25,29745906,0
2024-03-12 07:36:25,29746009,3
2024-03-12 07:36:25,29746047,0
2024-03-12 07:36:25,29746068,2
2024-03-12 07:36:25,29746123,2
2024-03-12 07:36:25,29746679,1
2024-03-12 07:36:25,29747497,4
2024-03-12 07:36:25,29749806,3
2024-03-12 07:36:25,29749855,0
2024-03-12 07:36:25,29749951,0
2024-03-12 07:36:25,29750190,2
2024-03-12 07:36:25,29750264,2
2024-03-12 07:36:25,29750615,1
2024-03-12 07:36:25,29751228,2
2024-03-12 07:36:25,29751388,2
2024-03-12 07:36:25,29751426,7
2024-03-12 07:36:25,29751502,0
2024-03-12 07:36:25,29751545,2
2024-03-12 07:36:25,29751592,1
2024-03-12 07:36:25,29751674,0
2024-03-12 07:36:25,29751736,0
2024-03-12 07:36:25,29751789,1
2024-03-12 07:36:25,29751918,0
2024-03-12 07:36:25,29752309,8
2024-03-12 07:36:25,29752472,2
2024-03-12 07:36:25,29752573,0
2024-03-12 07:36:25,29753372,0
2024-03-12 07:36:25,29753410,0
2024-03-12 07:36:25,29755203,2
2024-03-12 07:36:25,29992386,4
2024-03-12 07:36:25,29992613,6
2024-03-12 07:36:25,30278163,0
2024-03-12 07:36:25,30613108,3
2024-03-12 07:36:25,30613827,0
2024-03-12 07:36:25,30613955,2
2024-03-12 07:36:25,30925063,1
2024-03-12 07:36:25,31868207,6
2024-03-12 07:36:25,35855774,0
2024-03-12 07:36:25,35855809,2
2024-03-12 07:36:25,145369985,3
2024-03-12 07:36:25,152260960,1
2024-03-12 07:36:25,158039882,0
2024-03-12 07:36:25,158040425,1
2024-03-12 07:36:25,158040663,0
2024-03-12 07:36:25,158040927,0
2024-03-12 07:36:25,158041172,1
2024-03-12 07:36:25,158041482,1
2024-03-12 07:36:25,158041981,3
2024-03-12 07:36:25,158042216,2
2024-03-12 07:36:25,158042737,2
2024-03-12 07:36:25,158042992,1
2024-03-12 07:36:25,158046029,3
2024-03-12 07:36:25,158046288,1
2024-03-12 07:36:25,158046511,0
2024-03-12 07:36:25,158046728,1
2024-03-12 07:36:25,158046916,4
2024-03-12 07:36:25,167222018,0
2024-03-12 07:36:25,167222141,5
2024-03-12 07:36:25,176856256,0
2024-03-12 07:36:25,203568824,3
2024-03-12 07:36:25,265397056,2
2024-03-12 07:52:54,29745906,0
2024-03-12 07:52:54,29746009,3
2024-03-12 07:52:54,29746047,0
2024-03-12 07:52:54,29746068,2
2024-03-12 07:52:54,29746123,2
2024-03-12 07:52:54,29746679,1
2024-03-12 07:52:54,29747497,4
2024-03-12 07:52:54,29749806,3
2024-03-12 07:52:54,29749855,0
2024-03-12 07:52:54,29749951,0
2024-03-12 07:52:54,29750190,2
2024-03-12 07:52:54,29750264,2
2024-03-12 07:52:54,29750615,1
2024-03-12 07:52:54,29751228,2
2024-03-12 07:52:54,29751388,2
2024-03-12 07:52:54,29751426,7
2024-03-12 07:52:54,29751502,0
2024-03-12 07:52:54,29751545,2
2024-03-12 07:52:54,29751592,1
2024-03-12 07:52:54,29751674,0
2024-03-12 07:52:54,29751736,0
2024-03-12 07:52:54,29751789,1
2024-03-12 07:52:54,29751918,0
2024-03-12 07:52:54,29752309,8
2024-03-12 07:52:54,29752472,2
2024-03-12 07:52:54,29752573,0
2024-03-12 07:52:54,29753372,0
2024-03-12 07:52:54,29753410,0
2024-03-12 07:52:54,29755203,2
2024-03-12 07:52:54,29992386,4
2024-03-12 07:52:54,29992613,6
2024-03-12 07:52:54,30278163,0
2024-03-12 07:52:54,30613108,3
2024-03-12 07:52:54,30613827,0
2024-03-12 07:52:54,30613955,2
2024-03-12 07:52:54,30925063,1
2024-03-12 07:52:54,31868207,6
2024-03-12 07:52:54,35855774,0
2024-03-12 07:52:54,35855809,2
2024-03-12 07:52:54,145369985,3
2024-03-12 07:52:54,152260960,1
2024-03-12 07:52:54,158039882,0
2024-03-12 07:52:54,158040425,1
2024-03-12 07:52:54,158040663,0
2024-03-12 07:52:54,158040927,0
2024-03-12 07:52:54,158041172,1
2024-03-12 07:52:54,158041482,1
2024-03-12 07:52:54,158041981,3
2024-03-12 07:52:54,158042216,2
2024-03-12 07:52:54,158042737,2
2024-03-12 07:52:54,158042992,1
2024-03-12 07:52:54,158046029,3
2024-03-12 07:52:54,158046288,1
2024-03-12 07:52:54,158046511,0
2024-03-12 07:52:54,158046728,1
2024-03-12 07:52:54,158046916,4
2024-03-12 07:52:54,167222018,0
2024-03-12 07:52:54,167222141,5
2024-03-12 07:52:54,176856256,0
2024-03-12 07:52:54,203568824,3
2024-03-12 07:52:54,265397056,2
2024-03-12 08:11:47,29745906,0
2024-03-12 08:11:47,29746009,3
2024-03-12 08:11:47,29746047,0
2024-03-12 08:11:47,29746068,2
2024-03-12 08:11:47,29746123,2
2024-03-12 08:11:47,29746679,1
2024-03-12 08:11:47,29747497,4
2024-03-12 08:11:47,29749806,3
2024-03-12 08:11:47,29749855,0
2024-03-12 08:11:47,29749951,0
2024-03-12 08:11:47,29750190,2
2024-03-12 08:11:47,29750264,2
2024-03-12 08:11:47,29750615,1
2024-03-12 08:11:47,29751228,2
2024-03-12 08:11:47,29751388,2
2024-03-12 08:11:47,29751426,7
2024-03-12 08:11:47,29751502,0
2024-03-12 08:11:47,29751545,2
2024-03-12 08:11:47,29751592,1
2024-03-12 08:11:47,29751674,0
2024-03-12 08:11:47,29751736,0
2024-03-12 08:11:47,29751789,1
2024-03-12 08:11:47,29751918,0
2024-03-12 08:11:47,29752309,8
2024-03-12 08:11:47,29752472,2
2024-03-12 08:11:47,29752573,0
2024-03-12 08:11:47,29753372,0
2024-03-12 08:11:47,29753410,0
2024-03-12 08:11:47,29755203,2
2024-03-12 08:11:47,29992386,4
2024-03-12 08:11:47,29992613,6
2024-03-12 08:11:47,30278163,0
2024-03-12 08:11:47,30613108,3
2024-03-12 08:11:47,30613827,0
2024-03-12 08:11:47,30613955,2
2024-03-12 08:11:47,30925063,1
2024-03-12 08:11:47,31868207,6
2024-03-12 08:11:47,35855774,0
2024-03-12 08:11:47,35855809,2
2024-03-12 08:11:47,145369985,3
2024-03-12 08:11:47,152260960,1
2024-03-12 08:11:47,158039882,0
2024-03-12 08:11:47,158040425,1
2024-03-12 08:11:47,158040663,0
2024-03-12 08:11:47,158040927,0
2024-03-12 08:11:47,158041172,1
2024-03-12 08:11:47,158041482,1
2024-03-12 08:11:47,158041981,3
2024-03-12 08:11:47,158042216,2
2024-03-12 08:11:47,158042737,2
2024-03-12 08:11:47,158042992,1
2024-03-12 08:11:47,158046029,3
2024-03-12 08:11:47,158046288,1
2024-03-12 08:11:47,158046511,0
2024-03-12 08:11:47,158046728,1
2024-03-12 08:11:47,158046916,4
2024-03-12 08:11:47,167222018,0
2024-03-12 08:11:47,167222141,5
2024-03-12 08:11:47,176856256,0
2024-03-12 08:11:47,203568824,3
2024-03-12 08:11:47,265397056,2
2024-03-12 08:19:40,29745906,0
2024-03-12 08:19:40,29746009,3
2024-03-12 08:19:40,29746047,0
2024-03-12 08:19:40,29746068,2
2024-03-12 08:19:40,29746123,2
2024-03-12 08:19:40,29746679,1
2024-03-12 08:19:40,29747497,4
2024-03-12 08:19:40,29749806,3
2024-03-12 08:19:40,29749855,0
2024-03-12 08:19:40,29749951,0
2024-03-12 08:19:40,29750190,2
2024-03-12 08:19:40,29750264,2
2024-03-12 08:19:40,29750615,1
2024-03-12 08:19:40,29751228,2
2024-03-12 08:19:40,29751388,2
2024-03-12 08:19:40,29751426,7
2024-03-12 08:19:40,29751502,0
2024-03-12 08:19:40,29751545,2
2024-03-12 08:19:40,29751592,1
2024-03-12 08:19:40,29751674,0
2024-03-12 08:19:40,29751736,0
2024-03-12 08:19:40,29751789,1
2024-03-12 08:19:40,29751918,0
2024-03-12 08:19:40,29752309,7
2024-03-12 08:19:40,29752472,2
2024-03-12 08:19:40,29752573,0
2024-03-12 08:19:40,29753372,0
2024-03-12 08:19:40,29753410,0
2024-03-12 08:19:40,29755203,2
2024-03-12 08:19:40,29992386,4
2024-03-12 08:19:40,29992613,6
2024-03-12 08:19:40,30278163,0
2024-03-12 08:19:40,30613108,3
2024-03-12 08:19:40,30613827,0
2024-03-12 08:19:40,30613955,2
2024-03-12 08:19:40,30925063,1
2024-03-12 08:19:40,31868207,6
2024-03-12 08:19:40,35855774,0
2024-03-12 08:19:40,35855809,2
2024-03-12 08:19:40,145369985,3
2024-03-12 08:19:40,152260960,1
2024-03-12 08:19:40,158039882,0
2024-03-12 08:19:40,158040425,1
2024-03-12 08:19:40,158040663,0
2024-03-12 08:19:40,158040927,0
2024-03-12 08:19:40,158041172,1
2024-03-12 08:19:40,158041482,1
2024-03-12 08:19:40,158041981,3
2024-03-12 08:19:40,158042216,2
2024-03-12 08:19:40,158042737,2
2024-03-12 08:19:40,158042992,1
2024-03-12 08:19:40,158046029,3
2024-03-12 08:19:40,158046288,1
2024-03-12 08:19:40,158046511,0
2024-03-12 08:19:40,158046728,1
2024-03-12 08:19:40,158046916,4
2024-03-12 08:19:40,167222018,0
2024-03-12 08:19:40,167222141,5
2024-03-12 08:19:40,176856256,0
2024-03-12 08:19:40,203568824,3
2024-03-12 08:19:40,265397056,2
2024-03-12 08:36:26,29745906,0
2024-03-12 08:36:26,29746009,3
2024-03-12 08:36:26,29746047,0
2024-03-12 08:36:26,29746068,2
2024-03-12 08:36:26,29746123,2
2024-03-12 08:36:26,29746679,1
2024-03-12 08:36:26,29747497,4
2024-03-12 08:36:26,29749806,3
2024-03-12 08:36:26,29749855,0
2024-03-12 08:36:26,29749951,0
2024-03-12 08:36:26,29750190,2
2024-03-12 08:36:26,29750264,2
2024-03-12 08:36:26,29750615,1
2024-03-12 08:36:26,29751228,2
2024-03-12 08:36:26,29751388,2
2024-03-12 08:36:26,29751426,8
2024-03-12 08:36:26,29751502,0
2024-03-12 08:36:26,29751545,2
2024-03-12 08:36:26,29751592,1
2024-03-12 08:36:26,29751674,0
2024-03-12 08:36:26,29751736,0
2024-03-12 08:36:26,29751789,1
2024-03-12 08:36:26,29751918,0
2024-03-12 08:36:26,29752309,7
2024-03-12 08:36:26,29752472,2
2024-03-12 08:36:26,29752573,0
2024-03-12 08:36:26,29753372,0
2024-03-12 08:36:26,29753410,0
2024-03-12 08:36:26,29755203,2
2024-03-12 08:36:26,29992386,4
2024-03-12 08:36:26,29992613,6
2024-03-12 08:36:26,30278163,0
2024-03-12 08:36:26,30613108,3
2024-03-12 08:36:26,30613827,0
2024-03-12 08:36:26,30613955,2
2024-03-12 08:36:26,30925063,1
2024-03-12 08:36:26,31868207,6
2024-03-12 08:36:26,35855774,0
2024-03-12 08:36:26,35855809,2
2024-03-12 08:36:26,145369985,3
2024-03-12 08:36:26,152260960,1
2024-03-12 08:36:26,158039882,0
2024-03-12 08:36:26,158040425,1
2024-03-12 08:36:26,158040663,0
2024-03-12 08:36:26,158040927,0
2024-03-12 08:36:26,158041172,1
2024-03-12 08:36:26,158041482,1
2024-03-12 08:36:26,158041981,3
2024-03-12 08:36:26,158042216,2
2024-03-12 08:36:26,158042737,2
2024-03-12 08:36:26,158042992,1
2024-03-12 08:36:26,158046029,3
2024-03-12 08:36:26,158046288,1
2024-03-12 08:36:26,158046511,0
2024-03-12 08:36:26,158046728,1
2024-03-12 08:36:26,158046916,4
2024-03-12 08:36:26,167222018,0
2024-03-12 08:36:26,167222141,5
2024-03-12 08:36:26,176856256,0
2024-03-12 08:36:26,203568824,3
2024-03-12 08:36:26,265397056,2
2024-03-12 08:52:52,29745906,0
2024-03-12 08:52:52,29746009,3
2024-03-12 08:52:52,29746047,0
2024-03-12 08:52:52,29746068,2
2024-03-12 08:52:52,29746123,2
2024-03-12 08:52:52,29746679,1
2024-03-12 08:52:52,29747497,4
2024-03-12 08:52:52,29749806,3
2024-03-12 08:52:52,29749855,0
2024-03-12 08:52:52,29749951,0
2024-03-12 08:52:52,29750190,2
2024-03-12 08:52:52,29750264,2
2024-03-12 08:52:52,29750615,1
2024-03-12 08:52:52,29751228,2
2024-03-12 08:52:52,29751388,2
2024-03-12 08:52:52,29751426,8
2024-03-12 08:52:52,29751502,0
2024-03-12 08:52:52,29751545,2
2024-03-12 08:52:52,29751592,1
2024-03-12 08:52:52,29751674,0
2024-03-12 08:52:52,29751736,0
2024-03-12 08:52:52,29751789,1
2024-03-12 08:52:52,29751918,0
2024-03-12 08:52:52,29752309,7
2024-03-12 08:52:52,29752472,2
2024-03-12 08:52:52,29752573,0
2024-03-12 08:52:52,29753372,0
2024-03-12 08:52:52,29753410,0
2024-03-12 08:52:52,29755203,2
2024-03-12 08:52:52,29992386,4
2024-03-12 08:52:52,29992613,6
2024-03-12 08:52:52,30278163,0
2024-03-12 08:52:52,30613108,3
2024-03-12 08:52:52,30613827,0
2024-03-12 08:52:52,30613955,2
2024-03-12 08:52:52,30925063,1
2024-03-12 08:52:52,31868207,6
2024-03-12 08:52:52,35855774,0
2024-03-12 08:52:52,35855809,2
2024-03-12 08:52:52,145369985,3
2024-03-12 08:52:52,152260960,1
2024-03-12 08:52:52,158039882,0
2024-03-12 08:52:52,158040425,1
2024-03-12 08:52:52,158040663,0
2024-03-12 08:52:52,158040927,0
2024-03-12 08:52:52,158041172,1
2024-03-12 08:52:52,158041482,1
2024-03-12 08:52:52,158041981,3
2024-03-12 08:52:52,158042216,2
2024-03-12 08:52:52,158042737,2
2024-03-12 08:52:52,158042992,1
2024-03-12 08:52:52,158046029,3
2024-03-12 08:52:52,158046288,1
2024-03-12 08:52:52,158046511,0
2024-03-12 08:52:52,158046728,1
2024-03-12 08:52:52,158046916,4
2024-03-12 08:52:52,167222018,0
2024-03-12 08:52:52,167222141,5
2024-03-12 08:52:52,176856256,0
2024-03-12 08:52:52,203568824,3
2024-03-12 08:52:52,265397056,2
2024-03-12 09:15:10,29745906,0
2024-03-12 09:15:10,29746009,3
2024-03-12 09:15:10,29746047,0
2024-03-12 09:15:10,29746068,2
2024-03-12 09:15:10,29746123,2
2024-03-12 09:15:10,29746679,1
2024-03-12 09:15:10,29747497,4
2024-03-12 09:15:10,29749806,3
2024-03-12 09:15:10,29749855,0
2024-03-12 09:15:10,29749951,0
2024-03-12 09:15:10,29750190,2
2024-03-12 09:15:10,29750264,2
2024-03-12 09:15:10,29750615,1
2024-03-12 09:15:10,29751228,2
2024-03-12 09:15:10,29751388,2
2024-03-12 09:15:10,29751426,8
2024-03-12 09:15:10,29751502,0
2024-03-12 09:15:10,29751545,2
2024-03-12 09:15:10,29751592,1
2024-03-12 09:15:10,29751674,0
2024-03-12 09:15:10,29751736,0
2024-03-12 09:15:10,29751789,1
2024-03-12 09:15:10,29751918,0
2024-03-12 09:15:10,29752309,7
2024-03-12 09:15:10,29752472,2
2024-03-12 09:15:10,29752573,0
2024-03-12 09:15:10,29753372,0
2024-03-12 09:15:10,29753410,0
2024-03-12 09:15:10,29755203,2
2024-03-12 09:15:10,29992386,4
2024-03-12 09:15:10,29992613,6
2024-03-12 09:15:10,30278163,0
2024-03-12 09:15:10,30613108,3
2024-03-12 09:15:10,30613827,0
2024-03-12 09:15:10,30613955,2
2024-03-12 09:15:10,30925063,1
2024-03-12 09:15:10,31868207,6
2024-03-12 09:15:10,35855774,0
2024-03-12 09:15:10,35855809,2
2024-03-12 09:15:10,145369985,3
2024-03-12 09:15:10,152260960,1
2024-03-12 09:15:10,158039882,0
2024-03-12 09:15:10,158040425,1
2024-03-12 09:15:10,158040663,0
2024-03-12 09:15:10,158040927,0
2024-03-12 09:15:10,158041172,1
2024-03-12 09:15:10,158041482,1
2024-03-12 09:15:10,158041981,3
2024-03-12 09:15:10,158042216,2
2024-03-12 09:15:10,158042737,2
2024-03-12 09:15:10,158042992,1
2024-03-12 09:15:10,158046029,3
2024-03-12 09:15:10,158046288,1
2024-03-12 09:15:10,158046511,0
2024-03-12 09:15:10,158046728,1
2024-03-12 09:15:10,158046916,4
2024-03-12 09:15:10,167222018,0
2024-03-12 09:15:10,167222141,5
2024-03-12 09:15:10,176856256,0
2024-03-12 09:15:10,203568824,3
2024-03-12 09:15:10,265397056,2
2024-03-12 09:25:17,29745906,0
2024-03-12 09:25:17,29746009,3
2024-03-12 09:25:17,29746047,0
2024-03-12 09:25:17,29746068,2
2024-03-12 09:25:17,29746123,2
2024-03-12 09:25:17,29746679,1
2024-03-12 09:25:17,29747497,4
2024-03-12 09:25:17,29749806,3
2024-03-12 09:25:17,29749855,0
2024-03-12 09:25:17,29749951,0
2024-03-12 09:25:17,29750190,2
2024-03-12 09:25:17,29750264,2
2024-03-12 09:25:17,29750615,1
2024-03-12 09:25:17,29751228,2
2024-03-12 09:25:17,29751388,2
2024-03-12 09:25:17,29751426,8
2024-03-12 09:25:17,29751502,0
2024-03-12 09:25:17,29751545,2
2024-03-12 09:25:17,29751592,1
2024-03-12 09:25:17,29751674,0
2024-03-12 09:25:17,29751736,0
2024-03-12 09:25:17,29751789,1
2024-03-12 09:25:17,29751918,0
2024-03-12 09:25:17,29752309,7
2024-03-12 09:25:17,29752472,2
2024-03-12 09:25:17,29752573,0
2024-03-12 09:25:17,29753372,0
2024-03-12 09:25:17,29753410,0
2024-03-12 09:25:17,29755203,2
2024-03-12 09:25:17,29992386,4
2024-03-12 09:25:17,29992613,6
2024-03-12 09:25:17,30278163,0
2024-03-12 09:25:17,30613108,3
2024-03-12 09:25:17,30613827,0
2024-03-12 09:25:17,30613955,2
2024-03-12 09:25:17,30925063,1
2024-03-12 09:25:17,31868207,6
2024-03-12 09:25:17,35855774,0
2024-03-12 09:25:17,35855809,2
2024-03-12 09:25:17,145369985,3
2024-03-12 09:25:17,152260960,1
2024-03-12 09:25:17,158039882,0
2024-03-12 09:25:17,158040425,1
2024-03-12 09:25:17,158040663,0
2024-03-12 09:25:17,158040927,0
2024-03-12 09:25:17,158041172,1
2024-03-12 09:25:17,158041482,1
2024-03-12 09:25:17,158041981,3
2024-03-12 09:25:17,158042216,2
2024-03-12 09:25:17,158042737,2
2024-03-12 09:25:17,158042992,1
2024-03-12 09:25:17,158046029,3
2024-03-12 09:25:17,158046288,1
2024-03-12 09:25:17,158046511,0
2024-03-12 09:25:17,158046728,1
2024-03-12 09:25:17,158046916,4
2024-03-12 09:25:17,167222018,0
2024-03-12 09:25:17,167222141,5
2024-03-12 09:25:17,176856256,0
2024-03-12 09:25:17,203568824,3
2024-03-12 09:25:17,265397056,2
2024-03-12 09:36:41,29745906,0
2024-03-12 09:36:41,29746009,3
2024-03-12 09:36:41,29746047,0
2024-03-12 09:36:41,29746068,2
2024-03-12 09:36:41,29746123,2
2024-03-12 09:36:41,29746679,1
2024-03-12 09:36:41,29747497,4
2024-03-12 09:36:41,29749806,3
2024-03-12 09:36:41,29749855,0
2024-03-12 09:36:41,29749951,0
2024-03-12 09:36:41,29750190,2
2024-03-12 09:36:41,29750264,2
2024-03-12 09:36:41,29750615,1
2024-03-12 09:36:41,29751228,2
2024-03-12 09:36:41,29751388,2
2024-03-12 09:36:41,29751426,8
2024-03-12 09:36:41,29751502,0
2024-03-12 09:36:41,29751545,2
2024-03-12 09:36:41,29751592,1
2024-03-12 09:36:41,29751674,0
2024-03-12 09:36:41,29751736,0
2024-03-12 09:36:41,29751789,1
2024-03-12 09:36:41,29751918,0
2024-03-12 09:36:41,29752309,7
2024-03-12 09:36:41,29752472,2
2024-03-12 09:36:41,29752573,0
2024-03-12 09:36:41,29753372,0
2024-03-12 09:36:41,29753410,0
2024-03-12 09:36:41,29755203,2
2024-03-12 09:36:41,29992386,4
2024-03-12 09:36:41,29992613,6
2024-03-12 09:36:41,30278163,0
2024-03-12 09:36:41,30613108,3
2024-03-12 09:36:41,30613827,0
2024-03-12 09:36:41,30613955,2
2024-03-12 09:36:41,30925063,1
2024-03-12 09:36:41,31868207,6
2024-03-12 09:36:41,35855774,0
2024-03-12 09:36:41,35855809,2
2024-03-12 09:36:41,145369985,3
2024-03-12 09:36:41,152260960,1
2024-03-12 09:36:41,158039882,0
2024-03-12 09:36:41,158040425,1
2024-03-12 09:36:41,158040663,0
2024-03-12 09:36:41,158040927,0
2024-03-12 09:36:41,158041172,1
2024-03-12 09:36:41,158041482,1
2024-03-12 09:36:41,158041981,3
2024-03-12 09:36:41,158042216,2
2024-03-12 09:36:41,158042737,2
2024-03-12 09:36:41,158042992,1
2024-03-12 09:36:41,158046029,3
2024-03-12 09:36:41,158046288,1
2024-03-12 09:36:41,158046511,0
2024-03-12 09:36:41,158046728,1
2024-03-12 09:36:41,158046916,4
2024-03-12 09:36:41,167222018,0
2024-03-12 09:36:41,167222141,5
2024-03-12 09:36:41,176856256,0
2024-03-12 09:36:41,203568824,3
2024-03-12 09:36:41,265397056,2
2024-03-12 09:53:04,29745906,0
2024-03-12 09:53:04,29746009,3
2024-03-12 09:53:04,29746047,0
2024-03-12 09:53:04,29746068,2
2024-03-12 09:53:04,29746123,2
2024-03-12 09:53:04,29746679,1
2024-03-12 09:53:04,29747497,4
2024-03-12 09:53:04,29749806,3
2024-03-12 09:53:04,29749855,0
2024-03-12 09:53:04,29749951,0
2024-03-12 09:53:04,29750190,2
2024-03-12 09:53:04,29750264,2
2024-03-12 09:53:04,29750615,1
2024-03-12 09:53:04,29751228,3
2024-03-12 09:53:04,29751388,2
2024-03-12 09:53:04,29751426,8
2024-03-12 09:53:04,29751502,0
2024-03-12 09:53:04,29751545,2
2024-03-12 09:53:04,29751592,1
2024-03-12 09:53:04,29751674,0
2024-03-12 09:53:04,29751736,0
2024-03-12 09:53:04,29751789,1
2024-03-12 09:53:04,29751918,0
2024-03-12 09:53:04,29752309,5
2024-03-12 09:53:04,29752472,2
2024-03-12 09:53:04,29752573,0
2024-03-12 09:53:04,29753372,0
2024-03-12 09:53:04,29753410,0
2024-03-12 09:53:04,29755203,2
2024-03-12 09:53:04,29992386,4
2024-03-12 09:53:04,29992613,6
2024-03-12 09:53:04,30278163,0
2024-03-12 09:53:04,30613108,3
2024-03-12 09:53:04,30613827,0
2024-03-12 09:53:04,30613955,2
2024-03-12 09:53:04,30925063,1
2024-03-12 09:53:04,31868207,6
2024-03-12 09:53:04,35855774,0
2024-03-12 09:53:04,35855809,2
2024-03-12 09:53:04,145369985,3
2024-03-12 09:53:04,152260960,1
2024-03-12 09:53:04,158039882,0
2024-03-12 09:53:04,158040425,1
2024-03-12 09:53:04,158040663,0
2024-03-12 09:53:04,158040927,0
2024-03-12 09:53:04,158041172,1
2024-03-12 09:53:04,158041482,1
2024-03-12 09:53:04,158041981,3
2024-03-12 09:53:04,158042216,2
2024-03-12 09:53:04,158042737,2
2024-03-12 09:53:04,158042992,1
2024-03-12 09:53:04,158046029,3
2024-03-12 09:53:04,158046288,1
2024-03-12 09:53:04,158046511,0
2024-03-12 09:53:04,158046728,1
2024-03-12 09:53:04,158046916,4
2024-03-12 09:53:04,167222018,0
2024-03-12 09:53:04,167222141,5
2024-03-12 09:53:04,176856256,0
2024-03-12 09:53:04,203568824,3
2024-03-12 09:53:04,265397056,2
2024-03-12 10:16:36,29745906,0
2024-03-12 10:16:36,29746009,3
2024-03-12 10:16:36,29746047,0
2024-03-12 10:16:36,29746068,2
2024-03-12 10:16:36,29746123,2
2024-03-12 10:16:36,29746679,1
2024-03-12 10:16:36,29747497,4
2024-03-12 10:16:36,29749806,3
2024-03-12 10:16:36,29749855,0
2024-03-12 10:16:36,29749951,0
2024-03-12 10:16:36,29750190,2
2024-03-12 10:16:36,29750264,2
2024-03-12 10:16:36,29750615,1
2024-03-12 10:16:36,29751228,3
2024-03-12 10:16:36,29751388,2
2024-03-12 10:16:36,29751426,8
2024-03-12 10:16:36,29751502,0
2024-03-12 10:16:36,29751545,2
2024-03-12 10:16:36,29751592,1
2024-03-12 10:16:36,29751674,0
2024-03-12 10:16:36,29751736,0
2024-03-12 10:16:36,29751789,1
2024-03-12 10:16:36,29751918,0
2024-03-12 10:16:36,29752309,5
2024-03-12 10:16:36,29752472,2
2024-03-12 10:16:36,29752573,0
2024-03-12 10:16:36,29753372,0
2024-03-12 10:16:36,29753410,0
2024-03-12 10:16:36,29755203,2
2024-03-12 10:16:36,29992386,4
2024-03-12 10:16:36,29992613,6
2024-03-12 10:16:36,30278163,0
2024-03-12 10:16:36,30613108,3
2024-03-12 10:16:36,30613827,0
2024-03-12 10:16:36,30613955,2
2024-03-12 10:16:36,30925063,1
2024-03-12 10:16:36,31868207,6
2024-03-12 10:16:36,35855774,0
2024-03-12 10:16:36,35855809,2
2024-03-12 10:16:36,145369985,3
2024-03-12 10:16:36,152260960,1
2024-03-12 10:16:36,158039882,0
2024-03-12 10:16:36,158040425,1
2024-03-12 10:16:36,158040663,0
2024-03-12 10:16:36,158040927,0
2024-03-12 10:16:36,158041172,1
2024-03-12 10:16:36,158041482,1
2024-03-12 10:16:36,158041981,3
2024-03-12 10:16:36,158042216,2
2024-03-12 10:16:36,158042737,2
2024-03-12 10:16:36,158042992,1
2024-03-12 10:16:36,158046029,3
2024-03-12 10:16:36,158046288,1
2024-03-12 10:16:36,158046511,0
2024-03-12 10:16:36,158046728,1
2024-03-12 10:16:36,158046916,4
2024-03-12 10:16:36,167222018,0
2024-03-12 10:16:36,167222141,5
2024-03-12 10:16:36,176856256,0
2024-03-12 10:16:36,203568824,3
2024-03-12 10:16:36,265397056,2
2024-03-12 10:26:11,29745906,0
2024-03-12 10:26:11,29746009,3
2024-03-12 10:26:11,29746047,0
2024-03-12 10:26:11,29746068,2
2024-03-12 10:26:11,29746123,2
2024-03-12 10:26:11,29746679,1
2024-03-12 10:26:11,29747497,4
2024-03-12 10:26:11,29749806,3
2024-03-12 10:26:11,29749855,0
2024-03-12 10:26:11,29749951,0
2024-03-12 10:26:11,29750190,2
2024-03-12 10:26:11,29750264,2
2024-03-12 10:26:11,29750615,1
2024-03-12 10:26:11,29751228,3
2024-03-12 10:26:11,29751388,2
2024-03-12 10:26:11,29751426,8
2024-03-12 10:26:11,29751502,0
2024-03-12 10:26:11,29751545,2
2024-03-12 10:26:11,29751592,1
2024-03-12 10:26:11,29751674,0
2024-03-12 10:26:11,29751736,0
2024-03-12 10:26:11,29751789,1
2024-03-12 10:26:11,29751918,0
2024-03-12 10:26:11,29752309,5
2024-03-12 10:26:11,29752472,2
2024-03-12 10:26:11,29752573,0
2024-03-12 10:26:11,29753372,0
2024-03-12 10:26:11,29753410,0
2024-03-12 10:26:11,29755203,2
2024-03-12 10:26:11,29992386,4
2024-03-12 10:26:11,29992613,6
2024-03-12 10:26:11,30278163,0
2024-03-12 10:26:11,30613108,3
2024-03-12 10:26:11,30613827,0
2024-03-12 10:26:11,30613955,2
2024-03-12 10:26:11,30925063,1
2024-03-12 10:26:11,31868207,6
2024-03-12 10:26:11,35855774,0
2024-03-12 10:26:11,35855809,2
2024-03-12 10:26:11,145369985,3
2024-03-12 10:26:11,152260960,1
2024-03-12 10:26:11,158039882,0
2024-03-12 10:26:11,158040425,1
2024-03-12 10:26:11,158040663,0
2024-03-12 10:26:11,158040927,0
2024-03-12 10:26:11,158041172,1
2024-03-12 10:26:11,158041482,1
2024-03-12 10:26:11,158041981,3
2024-03-12 10:26:11,158042216,2
2024-03-12 10:26:11,158042737,2
2024-03-12 10:26:11,158042992,1
2024-03-12 10:26:11,158046029,3
2024-03-12 10:26:11,158046288,1
2024-03-12 10:26:11,158046511,0
2024-03-12 10:26:11,158046728,1
2024-03-12 10:26:11,158046916,4
2024-03-12 10:26:11,167222018,0
2024-03-12 10:26:11,167222141,5
2024-03-12 10:26:11,176856256,0
2024-03-12 10:26:11,203568824,3
2024-03-12 10:26:11,265397056,2
2024-03-12 10:36:35,29745906,0
2024-03-12 10:36:35,29746009,3
2024-03-12 10:36:35,29746047,0
2024-03-12 10:36:35,29746068,2
2024-03-12 10:36:35,29746123,2
2024-03-12 10:36:35,29746679,1
2024-03-12 10:36:35,29747497,4
2024-03-12 10:36:35,29749806,3
2024-03-12 10:36:35,29749855,0
2024-03-12 10:36:35,29749951,0
2024-03-12 10:36:35,29750190,2
2024-03-12 10:36:35,29750264,2
2024-03-12 10:36:35,29750615,1
2024-03-12 10:36:35,29751228,3
2024-03-12 10:36:35,29751388,2
2024-03-12 10:36:35,29751426,8
2024-03-12 10:36:35,29751502,0
2024-03-12 10:36:35,29751545,2
2024-03-12 10:36:35,29751592,1
2024-03-12 10:36:35,29751674,0
2024-03-12 10:36:35,29751736,0
2024-03-12 10:36:35,29751789,1
2024-03-12 10:36:35,29751918,0
2024-03-12 10:36:35,29752309,5
2024-03-12 10:36:35,29752472,2
2024-03-12 10:36:35,29752573,0
2024-03-12 10:36:35,29753372,0
2024-03-12 10:36:35,29753410,0
2024-03-12 10:36:35,29755203,2
2024-03-12 10:36:35,29992386,4
2024-03-12 10:36:35,29992613,6
2024-03-12 10:36:35,30278163,0
2024-03-12 10:36:35,30613108,3
2024-03-12 10:36:35,30613827,0
2024-03-12 10:36:35,30613955,2
2024-03-12 10:36:35,30925063,1
2024-03-12 10:36:35,31868207,6
2024-03-12 10:36:35,35855774,0
2024-03-12 10:36:35,35855809,2
2024-03-12 10:36:35,145369985,3
2024-03-12 10:36:35,152260960,1
2024-03-12 10:36:35,158039882,0
2024-03-12 10:36:35,158040425,1
2024-03-12 10:36:35,158040663,0
2024-03-12 10:36:35,158040927,0
2024-03-12 10:36:35,158041172,1
2024-03-12 10:36:35,158041482,1
2024-03-12 10:36:35,158041981,3
2024-03-12 10:36:35,158042216,2
2024-03-12 10:36:35,158042737,2
2024-03-12 10:36:35,158042992,1
2024-03-12 10:36:35,158046029,3
2024-03-12 10:36:35,158046288,1
2024-03-12 10:36:35,158046511,0
2024-03-12 10:36:35,158046728,1
2024-03-12 10:36:35,158046916,4
2024-03-12 10:36:35,167222018,0
2024-03-12 10:36:35,167222141,5
2024-03-12 10:36:35,176856256,0
2024-03-12 10:36:35,203568824,3
2024-03-12 10:36:35,265397056,2
2024-03-12 10:53:09,29745906,0
2024-03-12 10:53:09,29746009,3
2024-03-12 10:53:09,29746047,0
2024-03-12 10:53:09,29746068,2
2024-03-12 10:53:09,29746123,2
2024-03-12 10:53:09,29746679,1
2024-03-12 10:53:09,29747497,4
2024-03-12 10:53:09,29749806,3
2024-03-12 10:53:09,29749855,0
2024-03-12 10:53:09,29749951,0
2024-03-12 10:53:09,29750190,2
2024-03-12 10:53:09,29750264,2
2024-03-12 10:53:09,29750615,1
2024-03-12 10:53:09,29751228,3
2024-03-12 10:53:09,29751388,2
2024-03-12 10:53:09,29751426,8
2024-03-12 10:53:09,29751502,0
2024-03-12 10:53:09,29751545,2
2024-03-12 10:53:09,29751592,1
2024-03-12 10:53:09,29751674,0
2024-03-12 10:53:09,29751736,0
2024-03-12 10:53:09,29751789,1
2024-03-12 10:53:09,29751918,0
2024-03-12 10:53:09,29752309,5
2024-03-12 10:53:09,29752472,2
2024-03-12 10:53:09,29752573,0
2024-03-12 10:53:09,29753372,0
2024-03-12 10:53:09,29753410,0
2024-03-12 10:53:09,29755203,2
2024-03-12 10:53:09,29992386,4
2024-03-12 10:53:09,29992613,6
2024-03-12 10:53:09,30278163,0
2024-03-12 10:53:09,30613108,3
2024-03-12 10:53:09,30613827,0
2024-03-12 10:53:09,30613955,2
2024-03-12 10:53:09,30925063,1
2024-03-12 10:53:09,31868207,6
2024-03-12 10:53:09,35855774,0
2024-03-12 10:53:09,35855809,2
2024-03-12 10:53:09,145369985,3
2024-03-12 10:53:09,152260960,1
2024-03-12 10:53:09,158039882,0
2024-03-12 10:53:09,158040425,1
2024-03-12 10:53:09,158040663,0
2024-03-12 10:53:09,158040927,0
2024-03-12 10:53:09,158041172,1
2024-03-12 10:53:09,158041482,1
2024-03-12 10:53:09,158041981,3
2024-03-12 10:53:09,158042216,2
2024-03-12 10:53:09,158042737,2
2024-03-12 10:53:09,158042992,1
2024-03-12 10:53:09,158046029,3
2024-03-12 10:53:09,158046288,1
2024-03-12 10:53:09,158046511,0
2024-03-12 10:53:09,158046728,1
2024-03-12 10:53:09,158046916,4
2024-03-12 10:53:09,167222018,0
2024-03-12 10:53:09,167222141,5
2024-03-12 10:53:09,176856256,0
2024-03-12 10:53:09,203568824,3
2024-03-12 10:53:09,265397056,2
2024-03-12 11:12:51,29745906,0
2024-03-12 11:12:51,29746009,3
2024-03-12 11:12:51,29746047,2
2024-03-12 11:12:51,29746068,2
2024-03-12 11:12:51,29746123,2
2024-03-12 11:12:51,29746679,1
2024-03-12 11:12:51,29747497,4
2024-03-12 11:12:51,29749806,3
2024-03-12 11:12:51,29749855,0
2024-03-12 11:12:51,29749951,0
2024-03-12 11:12:51,29750190,2
2024-03-12 11:12:51,29750264,2
2024-03-12 11:12:51,29750615,1
2024-03-12 11:12:51,29751228,3
2024-03-12 11:12:51,29751388,2
2024-03-12 11:12:51,29751426,8
2024-03-12 11:12:51,29751502,0
2024-03-12 11:12:51,29751545,2
2024-03-12 11:12:51,29751592,1
2024-03-12 11:12:51,29751674,0
2024-03-12 11:12:51,29751736,0
2024-03-12 11:12:51,29751789,1
2024-03-12 11:12:51,29751918,0
2024-03-12 11:12:51,29752309,5
2024-03-12 11:12:51,29752472,2
2024-03-12 11:12:51,29752573,0
2024-03-12 11:12:51,29753372,0
2024-03-12 11:12:51,29753410,0
2024-03-12 11:12:51,29755203,2
2024-03-12 11:12:51,29992386,4
2024-03-12 11:12:51,29992613,1
2024-03-12 11:12:51,30278163,0
2024-03-12 11:12:51,30613108,3
2024-03-12 11:12:51,30613827,0
2024-03-12 11:12:51,30613955,2
2024-03-12 11:12:51,30925063,1
2024-03-12 11:12:51,31868207,6
2024-03-12 11:12:51,35855774,0
2024-03-12 11:12:51,35855809,2
2024-03-12 11:12:51,145369985,3
2024-03-12 11:12:51,152260960,1
2024-03-12 11:12:51,158039882,0
2024-03-12 11:12:51,158040425,1
2024-03-12 11:12:51,158040663,0
2024-03-12 11:12:51,158040927,0
2024-03-12 11:12:51,158041172,1
2024-03-12 11:12:51,158041482,1
2024-03-12 11:12:51,158041981,3
2024-03-12 11:12:51,158042216,2
2024-03-12 11:12:51,158042737,2
2024-03-12 11:12:51,158042992,1
2024-03-12 11:12:51,158046029,3
2024-03-12 11:12:51,158046288,1
2024-03-12 11:12:51,158046511,0
2024-03-12 11:12:51,158046728,1
2024-03-12 11:12:51,158046916,0
2024-03-12 11:12:51,167222018,0
2024-03-12 11:12:51,167222141,5
2024-03-12 11:12:51,176856256,0
2024-03-12 11:12:51,203568824,3
2024-03-12 11:12:51,265397056,2
2024-03-12 11:26:28,29745906,0
2024-03-12 11:26:28,29746009,3
2024-03-12 11:26:28,29746047,2
2024-03-12 11:26:28,29746068,2
2024-03-12 11:26:28,29746123,2
2024-03-12 11:26:28,29746679,1
2024-03-12 11:26:28,29747497,4
2024-03-12 11:26:28,29749806,3
2024-03-12 11:26:28,29749855,0
2024-03-12 11:26:28,29749951,0
2024-03-12 11:26:28,29750190,2
2024-03-12 11:26:28,29750264,2
2024-03-12 11:26:28,29750615,1
2024-03-12 11:26:28,29751228,3
2024-03-12 11:26:28,29751388,2
2024-03-12 11:26:28,29751426,8
2024-03-12 11:26:28,29751502,0
2024-03-12 11:26:28,29751545,2
2024-03-12 11:26:28,29751592,1
2024-03-12 11:26:28,29751674,0
2024-03-12 11:26:28,29751736,0
2024-03-12 11:26:28,29751789,1
2024-03-12 11:26:28,29751918,0
2024-03-12 11:26:28,29752309,5
2024-03-12 11:26:28,29752472,2
2024-03-12 11:26:28,29752573,0
2024-03-12 11:26:28,29753372,0
2024-03-12 11:26:28,29753410,0
2024-03-12 11:26:28,29755203,2
2024-03-12 11:26:28,29992386,4
2024-03-12 11:26:28,29992613,1
2024-03-12 11:26:28,30278163,0
2024-03-12 11:26:28,30613108,3
2024-03-12 11:26:28,30613827,0
2024-03-12 11:26:28,30613955,2
2024-03-12 11:26:28,30925063,1
2024-03-12 11:26:28,31868207,6
2024-03-12 11:26:28,35855774,0
2024-03-12 11:26:28,35855809,2
2024-03-12 11:26:28,145369985,3
2024-03-12 11:26:28,152260960,1
2024-03-12 11:26:28,158039882,0
2024-03-12 11:26:28,158040425,1
2024-03-12 11:26:28,158040663,0
2024-03-12 11:26:28,158040927,0
2024-03-12 11:26:28,158041172,1
2024-03-12 11:26:28,158041482,1
2024-03-12 11:26:28,158041981,3
2024-03-12 11:26:28,158042216,2
2024-03-12 11:26:28,158042737,2
2024-03-12 11:26:28,158042992,1
2024-03-12 11:26:28,158046029,1
2024-03-12 11:26:28,158046288,1
2024-03-12 11:26:28,158046511,0
2024-03-12 11:26:28,158046728,1
2024-03-12 11:26:28,158046916,0
2024-03-12 11:26:28,167222018,0
2024-03-12 11:26:28,167222141,5
2024-03-12 11:26:28,176856256,0
2024-03-12 11:26:28,203568824,3
2024-03-12 11:26:28,265397056,2
2024-03-12 11:36:35,29745906,0
2024-03-12 11:36:35,29746009,3
2024-03-12 11:36:35,29746047,2
2024-03-12 11:36:35,29746068,2
2024-03-12 11:36:35,29746123,2
2024-03-12 11:36:35,29746679,1
2024-03-12 11:36:35,29747497,4
2024-03-12 11:36:35,29749806,3
2024-03-12 11:36:35,29749855,0
2024-03-12 11:36:35,29749951,0
2024-03-12 11:36:35,29750190,2
2024-03-12 11:36:35,29750264,2
2024-03-12 11:36:35,29750615,1
2024-03-12 11:36:35,29751228,3
2024-03-12 11:36:35,29751388,2
2024-03-12 11:36:35,29751426,8
2024-03-12 11:36:35,29751502,0
2024-03-12 11:36:35,29751545,2
2024-03-12 11:36:35,29751592,1
2024-03-12 11:36:35,29751674,0
2024-03-12 11:36:35,29751736,0
2024-03-12 11:36:35,29751789,1
2024-03-12 11:36:35,29751918,0
2024-03-12 11:36:35,29752309,5
2024-03-12 11:36:35,29752472,2
2024-03-12 11:36:35,29752573,0
2024-03-12 11:36:35,29753372,0
2024-03-12 11:36:35,29753410,0
2024-03-12 11:36:35,29755203,2
2024-03-12 11:36:35,29992386,4
2024-03-12 11:36:35,29992613,1
2024-03-12 11:36:35,30278163,0
2024-03-12 11:36:35,30613108,3
2024-03-12 11:36:35,30613827,0
2024-03-12 11:36:35,30613955,2
2024-03-12 11:36:35,30925063,1
2024-03-12 11:36:35,31868207,6
2024-03-12 11:36:35,35855774,0
2024-03-12 11:36:35,35855809,2
2024-03-12 11:36:35,145369985,3
2024-03-12 11:36:35,152260960,1
2024-03-12 11:36:35,158039882,0
2024-03-12 11:36:35,158040425,1
2024-03-12 11:36:35,158040663,0
2024-03-12 11:36:35,158040927,0
2024-03-12 11:36:35,158041172,1
2024-03-12 11:36:35,158041482,1
2024-03-12 11:36:35,158041981,3
2024-03-12 11:36:35,158042216,2
2024-03-12 11:36:35,158042737,2
2024-03-12 11:36:35,158042992,1
2024-03-12 11:36:35,158046029,1
2024-03-12 11:36:35,158046288,1
2024-03-12 11:36:35,158046511,0
2024-03-12 11:36:35,158046728,1
2024-03-12 11:36:35,158046916,0
2024-03-12 11:36:35,167222018,0
2024-03-12 11:36:35,167222141,5
2024-03-12 11:36:35,176856256,0
2024-03-12 11:36:35,203568824,3
2024-03-12 11:36:35,265397056,2
2024-03-12 11:52:57,29745906,0
2024-03-12 11:52:57,29746009,3
2024-03-12 11:52:57,29746047,2
2024-03-12 11:52:57,29746068,2
2024-03-12 11:52:57,29746123,2
2024-03-12 11:52:57,29746679,1
2024-03-12 11:52:57,29747497,4
2024-03-12 11:52:57,29749806,3
2024-03-12 11:52:57,29749855,0
2024-03-12 11:52:57,29749951,0
2024-03-12 11:52:57,29750190,2
2024-03-12 11:52:57,29750264,1
2024-03-12 11:52:57,29750615,1
2024-03-12 11:52:57,29751228,3
2024-03-12 11:52:57,29751388,2
2024-03-12 11:52:57,29751426,8
2024-03-12 11:52:57,29751502,0
2024-03-12 11:52:57,29751545,2
2024-03-12 11:52:57,29751592,1
2024-03-12 11:52:57,29751674,0
2024-03-12 11:52:57,29751736,0
2024-03-12 11:52:57,29751789,1
2024-03-12 11:52:57,29751918,0
2024-03-12 11:52:57,29752309,5
2024-03-12 11:52:57,29752472,2
2024-03-12 11:52:57,29752573,0
2024-03-12 11:52:57,29753372,0
2024-03-12 11:52:57,29753410,0
2024-03-12 11:52:57,29755203,2
2024-03-12 11:52:57,29992386,4
2024-03-12 11:52:57,29992613,1
2024-03-12 11:52:57,30278163,0
2024-03-12 11:52:57,30613108,3
2024-03-12 11:52:57,30613827,0
2024-03-12 11:52:57,30613955,2
2024-03-12 11:52:57,30925063,1
2024-03-12 11:52:57,31868207,1
2024-03-12 11:52:57,35855774,0
2024-03-12 11:52:57,35855809,2
2024-03-12 11:52:57,145369985,3
2024-03-12 11:52:57,152260960,1
2024-03-12 11:52:57,158039882,0
2024-03-12 11:52:57,158040425,1
2024-03-12 11:52:57,158040663,0
2024-03-12 11:52:57,158040927,0
2024-03-12 11:52:57,158041172,1
2024-03-12 11:52:57,158041482,1
2024-03-12 11:52:57,158041981,3
2024-03-12 11:52:57,158042216,2
2024-03-12 11:52:57,158042737,2
2024-03-12 11:52:57,158042992,1
2024-03-12 11:52:57,158046029,1
2024-03-12 11:52:57,158046288,1
2024-03-12 11:52:57,158046511,0
2024-03-12 11:52:57,158046728,1
2024-03-12 11:52:57,158046916,0
2024-03-12 11:52:57,167222018,0
2024-03-12 11:52:57,167222141,5
2024-03-12 11:52:57,176856256,0
2024-03-12 11:52:57,203568824,3
2024-03-12 11:52:57,265397056,2
2024-03-12 12:10:04,29745906,2
2024-03-12 12:10:04,29746009,3
2024-03-12 12:10:04,29746047,2
2024-03-12 12:10:04,29746068,2
2024-03-12 12:10:04,29746123,2
2024-03-12 12:10:04,29746679,1
2024-03-12 12:10:04,29747497,4
2024-03-12 12:10:04,29749806,3
2024-03-12 12:10:04,29749855,0
2024-03-12 12:10:04,29749951,0
2024-03-12 12:10:04,29750190,2
2024-03-12 12:10:04,29750264,1
2024-03-12 12:10:04,29750615,1
2024-03-12 12:10:04,29751228,3
2024-03-12 12:10:04,29751388,2
2024-03-12 12:10:04,29751426,8
2024-03-12 12:10:04,29751502,0
2024-03-12 12:10:04,29751545,2
2024-03-12 12:10:04,29751592,1
2024-03-12 12:10:04,29751674,0
2024-03-12 12:10:04,29751736,0
2024-03-12 12:10:04,29751789,1
2024-03-12 12:10:04,29751918,0
2024-03-12 12:10:04,29752309,5
2024-03-12 12:10:04,29752472,2
2024-03-12 12:10:04,29752573,0
2024-03-12 12:10:04,29753372,0
2024-03-12 12:10:04,29753410,0
2024-03-12 12:10:04,29755203,2
2024-03-12 12:10:04,29992386,4
2024-03-12 12:10:04,29992613,1
2024-03-12 12:10:04,30278163,0
2024-03-12 12:10:04,30613108,3
2024-03-12 12:10:04,30613827,0
2024-03-12 12:10:04,30613955,2
2024-03-12 12:10:04,30925063,1
2024-03-12 12:10:04,31868207,1
2024-03-12 12:10:04,35855774,0
2024-03-12 12:10:04,35855809,2
2024-03-12 12:10:04,145369985,3
2024-03-12 12:10:04,152260960,1
2024-03-12 12:10:04,158039882,0
2024-03-12 12:10:04,158040425,1
2024-03-12 12:10:04,158040663,0
2024-03-12 12:10:04,158040927,4
2024-03-12 12:10:04,158041172,1
2024-03-12 12:10:04,158041482,1
2024-03-12 12:10:04,158041981,3
2024-03-12 12:10:04,158042216,2
2024-03-12 12:10:04,158042737,2
2024-03-12 12:10:04,158042992,1
2024-03-12 12:10:04,158046029,1
2024-03-12 12:10:04,158046288,1
2024-03-12 12:10:04,158046511,0
2024-03-12 12:10:04,158046728,1
2024-03-12 12:10:04,158046916,0
2024-03-12 12:10:04,167222018,0
2024-03-12 12:10:04,167222141,5
2024-03-12 12:10:04,176856256,0
2024-03-12 12:10:04,203568824,3
2024-03-12 12:10:04,265397056,2
2024-03-12 12:18:06,29745906,2
2024-03-12 12:18:06,29746009,3
2024-03-12 12:18:06,29746047,2
2024-03-12 12:18:06,29746068,2
2024-03-12 12:18:06,29746123,2
2024-03-12 12:18:06,29746679,1
2024-03-12 12:18:06,29747497,4
2024-03-12 12:18:06,29749806,3
2024-03-12 12:18:06,29749855,0
2024-03-12 12:18:06,29749951,0
2024-03-12 12:18:06,29750190,2
2024-03-12 12:18:06,29750264,1
2024-03-12 12:18:06,29750615,1
2024-03-12 12:18:06,29751228,3
2024-03-12 12:18:06,29751388,2
2024-03-12 12:18:06,29751426,8
2024-03-12 12:18:06,29751502,0
2024-03-12 12:18:06,29751545,2
2024-03-12 12:18:06,29751592,1
2024-03-12 12:18:06,29751674,0
2024-03-12 12:18:06,29751736,0
2024-03-12 12:18:06,29751789,1
2024-03-12 12:18:06,29751918,0
2024-03-12 12:18:06,29752309,5
2024-03-12 12:18:06,29752472,2
2024-03-12 12:18:06,29752573,0
2024-03-12 12:18:06,29753372,0
2024-03-12 12:18:06,29753410,4
2024-03-12 12:18:06,29755203,2
2024-03-12 12:18:06,29992386,4
2024-03-12 12:18:06,29992613,1
2024-03-12 12:18:06,30278163,0
2024-03-12 12:18:06,30613108,3
2024-03-12 12:18:06,30613827,0
2024-03-12 12:18:06,30613955,2
2024-03-12 12:18:06,30925063,1
2024-03-12 12:18:06,31868207,1
2024-03-12 12:18:06,35855774,0
2024-03-12 12:18:06,35855809,2
2024-03-12 12:18:06,145369985,3
2024-03-12 12:18:06,152260960,1
2024-03-12 12:18:06,158039882,0
2024-03-12 12:18:06,158040425,1
2024-03-12 12:18:06,158040663,0
2024-03-12 12:18:06,158040927,4
2024-03-12 12:18:06,158041172,1
2024-03-12 12:18:06,158041482,1
2024-03-12 12:18:06,158041981,3
2024-03-12 12:18:06,158042216,2
2024-03-12 12:18:06,158042737,2
2024-03-12 12:18:06,158042992,1
2024-03-12 12:18:06,158046029,1
2024-03-12 12:18:06,158046288,1
2024-03-12 12:18:06,158046511,0
2024-03-12 12:18:06,158046728,1
2024-03-12 12:18:06,158046916,0
2024-03-12 12:18:06,167222018,0
2024-03-12 12:18:06,167222141,5
2024-03-12 12:18:06,176856256,0
2024-03-12 12:18:06,203568824,3
2024-03-12 12:18:06,265397056,2
2024-03-12 12:36:57,29745906,2
2024-03-12 12:36:57,29746009,3
2024-03-12 12:36:57,29746047,2
2024-03-12 12:36:57,29746068,2
2024-03-12 12:36:57,29746123,2
2024-03-12 12:36:57,29746679,1
2024-03-12 12:36:57,29747497,4
2024-03-12 12:36:57,29749806,3
2024-03-12 12:36:57,29749855,0
2024-03-12 12:36:57,29749951,0
2024-03-12 12:36:57,29750190,2
2024-03-12 12:36:57,29750264,1
2024-03-12 12:36:57,29750615,1
2024-03-12 12:36:57,29751228,3
2024-03-12 12:36:57,29751388,2
2024-03-12 12:36:57,29751426,7
2024-03-12 12:36:57,29751502,0
2024-03-12 12:36:57,29751545,2
2024-03-12 12:36:57,29751592,1
2024-03-12 12:36:57,29751674,3
2024-03-12 12:36:57,29751736,0
2024-03-12 12:36:57,29751789,1
2024-03-12 12:36:57,29751918,0
2024-03-12 12:36:57,29752309,5
2024-03-12 12:36:57,29752472,2
2024-03-12 12:36:57,29752573,0
2024-03-12 12:36:57,29753372,0
2024-03-12 12:36:57,29753410,4
2024-03-12 12:36:57,29755203,2
2024-03-12 12:36:57,29992386,4
2024-03-12 12:36:57,29992613,1
2024-03-12 12:36:57,30278163,0
2024-03-12 12:36:57,30613108,3
2024-03-12 12:36:57,30613827,0
2024-03-12 12:36:57,30613955,2
2024-03-12 12:36:57,30925063,1
2024-03-12 12:36:57,31868207,1
2024-03-12 12:36:57,35855774,0
2024-03-12 12:36:57,35855809,2
2024-03-12 12:36:57,145369985,3
2024-03-12 12:36:57,152260960,1
2024-03-12 12:36:57,158039882,0
2024-03-12 12:36:57,158040425,1
2024-03-12 12:36:57,158040663,0
2024-03-12 12:36:57,158040927,4
2024-03-12 12:36:57,158041172,1
2024-03-12 12:36:57,158041482,1
2024-03-12 12:36:57,158041981,3
2024-03-12 12:36:57,158042216,2
2024-03-12 12:36:57,158042737,2
2024-03-12 12:36:57,158042992,1
2024-03-12 12:36:57,158046029,1
2024-03-12 12:36:57,158046288,1
2024-03-12 12:36:57,158046511,0
2024-03-12 12:36:57,158046728,1
2024-03-12 12:36:57,158046916,0
2024-03-12 12:36:57,167222018,0
2024-03-12 12:36:57,167222141,5
2024-03-12 12:36:57,176856256,0
2024-03-12 12:36:57,203568824,3
2024-03-12 12:36:57,265397056,2
2024-03-12 12:53:08,29745906,2
2024-03-12 12:53:08,29746009,3
2024-03-12 12:53:08,29746047,2
2024-03-12 12:53:08,29746068,2
2024-03-12 12:53:08,29746123,2
2024-03-12 12:53:08,29746679,1
2024-03-12 12:53:08,29747497,4
2024-03-12 12:53:08,29749806,3
2024-03-12 12:53:08,29749855,0
2024-03-12 12:53:08,29749951,0
2024-03-12 12:53:08,29750190,2
2024-03-12 12:53:08,29750264,1
2024-03-12 12:53:08,29750615,1
2024-03-12 12:53:08,29751228,3
2024-03-12 12:53:08,29751388,2
2024-03-12 12:53:08,29751426,7
2024-03-12 12:53:08,29751502,0
2024-03-12 12:53:08,29751545,2
2024-03-12 12:53:08,29751592,1
2024-03-12 12:53:08,29751674,3
2024-03-12 12:53:08,29751736,0
2024-03-12 12:53:08,29751789,1
2024-03-12 12:53:08,29751918,0
2024-03-12 12:53:08,29752309,5
2024-03-12 12:53:08,29752472,2
2024-03-12 12:53:08,29752573,0
2024-03-12 12:53:08,29753372,0
2024-03-12 12:53:08,29753410,4
2024-03-12 12:53:08,29755203,2
2024-03-12 12:53:08,29992386,4
2024-03-12 12:53:08,29992613,1
2024-03-12 12:53:08,30278163,0
2024-03-12 12:53:08,30613108,3
2024-03-12 12:53:08,30613827,0
2024-03-12 12:53:08,30613955,2
2024-03-12 12:53:08,30925063,1
2024-03-12 12:53:08,31868207,1
2024-03-12 12:53:08,35855774,0
2024-03-12 12:53:08,35855809,2
2024-03-12 12:53:08,145369985,3
2024-03-12 12:53:08,152260960,1
2024-03-12 12:53:08,158039882,0
2024-03-12 12:53:08,158040425,1
2024-03-12 12:53:08,158040663,0
2024-03-12 12:53:08,158040927,4
2024-03-12 12:53:08,158041172,1
2024-03-12 12:53:08,158041482,1
2024-03-12 12:53:08,158041981,3
2024-03-12 12:53:08,158042216,2
2024-03-12 12:53:08,158042737,2
2024-03-12 12:53:08,158042992,1
2024-03-12 12:53:08,158046029,1
2024-03-12 12:53:08,158046288,1
2024-03-12 12:53:08,158046511,0
2024-03-12 12:53:08,158046728,1
2024-03-12 12:53:08,158046916,0
2024-03-12 12:53:08,167222018,0
2024-03-12 12:53:08,167222141,5
2024-03-12 12:53:08,176856256,0
2024-03-12 12:53:08,203568824,3
2024-03-12 12:53:08,265397056,2
2024-03-12 13:22:16,29745906,1
2024-03-12 13:22:16,29746009,3
2024-03-12 13:22:16,29746047,2
2024-03-12 13:22:16,29746068,2
2024-03-12 13:22:16,29746123,2
2024-03-12 13:22:16,29746679,1
2024-03-12 13:22:16,29747497,4
2024-03-12 13:22:16,29749806,3
2024-03-12 13:22:16,29749855,0
2024-03-12 13:22:16,29749951,0
2024-03-12 13:22:16,29750190,2
2024-03-12 13:22:16,29750264,1
2024-03-12 13:22:16,29750615,1
2024-03-12 13:22:16,29751228,3
2024-03-12 13:22:16,29751388,2
2024-03-12 13:22:16,29751426,7
2024-03-12 13:22:16,29751502,0
2024-03-12 13:22:16,29751545,2
2024-03-12 13:22:16,29751592,1
2024-03-12 13:22:16,29751674,3
2024-03-12 13:22:16,29751736,0
2024-03-12 13:22:16,29751789,1
2024-03-12 13:22:16,29751918,0
2024-03-12 13:22:16,29752309,5
2024-03-12 13:22:16,29752472,2
2024-03-12 13:22:16,29752573,0
2024-03-12 13:22:16,29753372,0
2024-03-12 13:22:16,29753410,4
2024-03-12 13:22:16,29755203,2
2024-03-12 13:22:16,29992386,4
2024-03-12 13:22:16,29992613,1
2024-03-12 13:22:16,30278163,0
2024-03-12 13:22:16,30613108,3
2024-03-12 13:22:16,30613827,0
2024-03-12 13:22:16,30613955,2
2024-03-12 13:22:16,30925063,1
2024-03-12 13:22:16,31868207,1
2024-03-12 13:22:16,35855774,0
2024-03-12 13:22:16,35855809,2
2024-03-12 13:22:16,145369985,3
2024-03-12 13:22:16,152260960,1
2024-03-12 13:22:16,158039882,0
2024-03-12 13:22:16,158040425,1
2024-03-12 13:22:16,158040663,0
2024-03-12 13:22:16,158040927,4
2024-03-12 13:22:16,158041172,1
2024-03-12 13:22:16,158041482,1
2024-03-12 13:22:16,158041981,3
2024-03-12 13:22:16,158042216,2
2024-03-12 13:22:16,158042737,2
2024-03-12 13:22:16,158042992,1
2024-03-12 13:22:16,158046029,1
2024-03-12 13:22:16,158046288,1
2024-03-12 13:22:16,158046511,0
2024-03-12 13:22:16,158046728,1
2024-03-12 13:22:16,158046916,0
2024-03-12 13:22:16,167222018,0
2024-03-12 13:22:16,167222141,5
2024-03-12 13:22:16,176856256,0
2024-03-12 13:22:16,203568824,3
2024-03-12 13:22:16,265397056,2
2024-03-12 13:36:50,29745906,1
2024-03-12 13:36:50,29746009,3
2024-03-12 13:36:50,29746047,2
2024-03-12 13:36:50,29746068,2
2024-03-12 13:36:50,29746123,2
2024-03-12 13:36:50,29746679,1
2024-03-12 13:36:50,29747497,4
2024-03-12 13:36:50,29749806,3
2024-03-12 13:36:50,29749855,0
2024-03-12 13:36:50,29749951,0
2024-03-12 13:36:50,29750190,2
2024-03-12 13:36:50,29750264,2
2024-03-12 13:36:50,29750615,1
2024-03-12 13:36:50,29751228,3
2024-03-12 13:36:50,29751388,2
2024-03-12 13:36:50,29751426,7
2024-03-12 13:36:50,29751502,0
2024-03-12 13:36:50,29751545,2
2024-03-12 13:36:50,29751592,1
2024-03-12 13:36:50,29751674,3
2024-03-12 13:36:50,29751736,0
2024-03-12 13:36:50,29751789,1
2024-03-12 13:36:50,29751918,0
2024-03-12 13:36:50,29752309,5
2024-03-12 13:36:50,29752472,2
2024-03-12 13:36:50,29752573,0
2024-03-12 13:36:50,29753372,0
2024-03-12 13:36:50,29753410,4
2024-03-12 13:36:50,29755203,2
2024-03-12 13:36:50,29992386,4
2024-03-12 13:36:50,29992613,1
2024-03-12 13:36:50,30278163,0
2024-03-12 13:36:50,30613108,3
2024-03-12 13:36:50,30613827,0
2024-03-12 13:36:50,30613955,2
2024-03-12 13:36:50,30925063,1
2024-03-12 13:36:50,31868207,1
2024-03-12 13:36:50,35855774,0
2024-03-12 13:36:50,35855809,2
2024-03-12 13:36:50,145369985,3
2024-03-12 13:36:50,152260960,1
2024-03-12 13:36:50,158039882,0
2024-03-12 13:36:50,158040425,1
2024-03-12 13:36:50,158040663,0
2024-03-12 13:36:50,158040927,4
2024-03-12 13:36:50,158041172,1
2024-03-12 13:36:50,158041482,1
2024-03-12 13:36:50,158041981,3
2024-03-12 13:36:50,158042216,2
2024-03-12 13:36:50,158042737,2
2024-03-12 13:36:50,158042992,1
2024-03-12 13:36:50,158046029,1
2024-03-12 13:36:50,158046288,1
2024-03-12 13:36:50,158046511,0
2024-03-12 13:36:50,158046728,1
2024-03-12 13:36:50,158046916,0
2024-03-12 13:36:50,167222018,0
2024-03-12 13:36:50,167222141,5
2024-03-12 13:36:50,176856256,0
2024-03-12 13:36:50,203568824,3
2024-03-12 13:36:50,265397056,2
2024-03-12 13:47:12,29745906,1
2024-03-12 13:47:12,29746009,3
2024-03-12 13:47:12,29746047,2
2024-03-12 13:47:12,29746068,2
2024-03-12 13:47:12,29746123,2
2024-03-12 13:47:12,29746679,1
2024-03-12 13:47:12,29747497,4
2024-03-12 13:47:12,29749806,3
2024-03-12 13:47:12,29749855,0
2024-03-12 13:47:12,29749951,0
2024-03-12 13:47:12,29750190,2
2024-03-12 13:47:12,29750264,2
2024-03-12 13:47:12,29750615,1
2024-03-12 13:47:12,29751228,3
2024-03-12 13:47:12,29751388,2
2024-03-12 13:47:12,29751426,7
2024-03-12 13:47:12,29751502,0
2024-03-12 13:47:12,29751545,2
2024-03-12 13:47:12,29751592,1
2024-03-12 13:47:12,29751674,3
2024-03-12 13:47:12,29751736,0
2024-03-12 13:47:12,29751789,1
2024-03-12 13:47:12,29751918,0
2024-03-12 13:47:12,29752309,5
2024-03-12 13:47:12,29752472,2
2024-03-12 13:47:12,29752573,0
2024-03-12 13:47:12,29753372,0
2024-03-12 13:47:12,29753410,4
2024-03-12 13:47:12,29755203,2
2024-03-12 13:47:12,29992386,4
2024-03-12 13:47:12,29992613,1
2024-03-12 13:47:12,30278163,0
2024-03-12 13:47:12,30613108,3
2024-03-12 13:47:12,30613827,0
2024-03-12 13:47:12,30613955,2
2024-03-12 13:47:12,30925063,1
2024-03-12 13:47:12,31868207,1
2024-03-12 13:47:12,35855774,0
2024-03-12 13:47:12,35855809,2
2024-03-12 13:47:12,145369985,3
2024-03-12 13:47:12,152260960,1
2024-03-12 13:47:12,158039882,0
2024-03-12 13:47:12,158040425,1
2024-03-12 13:47:12,158040663,0
2024-03-12 13:47:12,158040927,4
2024-03-12 13:47:12,158041172,1
2024-03-12 13:47:12,158041482,1
2024-03-12 13:47:12,158041981,3
2024-03-12 13:47:12,158042216,2
2024-03-12 13:47:12,158042737,2
2024-03-12 13:47:12,158042992,1
2024-03-12 13:47:12,158046029,1
2024-03-12 13:47:12,158046288,1
2024-03-12 13:47:12,158046511,0
2024-03-12 13:47:12,158046728,1
2024-03-12 13:47:12,158046916,0
2024-03-12 13:47:12,167222018,0
2024-03-12 13:47:12,167222141,5
2024-03-12 13:47:12,176856256,0
2024-03-12 13:47:12,203568824,3
2024-03-12 13:47:12,265397056,2
2024-03-12 13:55:57,29745906,1
2024-03-12 13:55:57,29746009,3
2024-03-12 13:55:57,29746047,2
2024-03-12 13:55:57,29746068,2
2024-03-12 13:55:57,29746123,2
2024-03-12 13:55:57,29746679,1
2024-03-12 13:55:57,29747497,4
2024-03-12 13:55:57,29749806,3
2024-03-12 13:55:57,29749855,0
2024-03-12 13:55:57,29749951,0
2024-03-12 13:55:57,29750190,2
2024-03-12 13:55:57,29750264,2
2024-03-12 13:55:57,29750615,1
2024-03-12 13:55:57,29751228,3
2024-03-12 13:55:57,29751388,2
2024-03-12 13:55:57,29751426,7
2024-03-12 13:55:57,29751502,0
2024-03-12 13:55:57,29751545,2
2024-03-12 13:55:57,29751592,1
2024-03-12 13:55:57,29751674,3
2024-03-12 13:55:57,29751736,0
2024-03-12 13:55:57,29751789,1
2024-03-12 13:55:57,29751918,0
2024-03-12 13:55:57,29752309,5
2024-03-12 13:55:57,29752472,2
2024-03-12 13:55:57,29752573,0
2024-03-12 13:55:57,29753372,0
2024-03-12 13:55:57,29753410,4
2024-03-12 13:55:57,29755203,2
2024-03-12 13:55:57,29992386,4
2024-03-12 13:55:57,29992613,1
2024-03-12 13:55:57,30278163,0
2024-03-12 13:55:57,30613108,3
2024-03-12 13:55:57,30613827,0
2024-03-12 13:55:57,30613955,2
2024-03-12 13:55:57,30925063,1
2024-03-12 13:55:57,31868207,1
2024-03-12 13:55:57,35855774,0
2024-03-12 13:55:57,35855809,2
2024-03-12 13:55:57,145369985,3
2024-03-12 13:55:57,152260960,1
2024-03-12 13:55:57,158039882,0
2024-03-12 13:55:57,158040425,1
2024-03-12 13:55:57,158040663,0
2024-03-12 13:55:57,158040927,4
2024-03-12 13:55:57,158041172,1
2024-03-12 13:55:57,158041482,1
2024-03-12 13:55:57,158041981,3
2024-03-12 13:55:57,158042216,2
2024-03-12 13:55:57,158042737,2
2024-03-12 13:55:57,158042992,1
2024-03-12 13:55:57,158046029,1
2024-03-12 13:55:57,158046288,1
2024-03-12 13:55:57,158046511,0
2024-03-12 13:55:57,158046728,1
2024-03-12 13:55:57,158046916,0
2024-03-12 13:55:57,167222018,0
2024-03-12 13:55:57,167222141,5
2024-03-12 13:55:57,176856256,0
2024-03-12 13:55:57,203568824,3
2024-03-12 13:55:57,265397056,2
2024-03-12 14:13:32,29745906,1
2024-03-12 14:13:32,29746009,3
2024-03-12 14:13:32,29746047,2
2024-03-12 14:13:32,29746068,2
2024-03-12 14:13:32,29746123,2
2024-03-12 14:13:32,29746679,1
2024-03-12 14:13:32,29747497,4
2024-03-12 14:13:32,29749806,3
2024-03-12 14:13:32,29749855,0
2024-03-12 14:13:32,29749951,0
2024-03-12 14:13:32,29750190,2
2024-03-12 14:13:32,29750264,2
2024-03-12 14:13:32,29750615,1
2024-03-12 14:13:32,29751228,4
2024-03-12 14:13:32,29751388,2
2024-03-12 14:13:32,29751426,7
2024-03-12 14:13:32,29751502,0
2024-03-12 14:13:32,29751545,2
2024-03-12 14:13:32,29751592,1
2024-03-12 14:13:32,29751674,3
2024-03-12 14:13:32,29751736,0
2024-03-12 14:13:32,29751789,1
2024-03-12 14:13:32,29751918,0
2024-03-12 14:13:32,29752309,5
2024-03-12 14:13:32,29752472,2
2024-03-12 14:13:32,29752573,0
2024-03-12 14:13:32,29753372,0
2024-03-12 14:13:32,29753410,4
2024-03-12 14:13:32,29755203,2
2024-03-12 14:13:32,29992386,4
2024-03-12 14:13:32,29992613,1
2024-03-12 14:13:32,30278163,0
2024-03-12 14:13:32,30613108,3
2024-03-12 14:13:32,30613827,0
2024-03-12 14:13:32,30613955,2
2024-03-12 14:13:32,30925063,1
2024-03-12 14:13:32,31868207,1
2024-03-12 14:13:32,35855774,0
2024-03-12 14:13:32,35855809,2
2024-03-12 14:13:32,145369985,3
2024-03-12 14:13:32,152260960,1
2024-03-12 14:13:32,158039882,0
2024-03-12 14:13:32,158040425,1
2024-03-12 14:13:32,158040663,0
2024-03-12 14:13:32,158040927,4
2024-03-12 14:13:32,158041172,1
2024-03-12 14:13:32,158041482,1
2024-03-12 14:13:32,158041981,3
2024-03-12 14:13:32,158042216,2
2024-03-12 14:13:32,158042737,2
2024-03-12 14:13:32,158042992,1
2024-03-12 14:13:32,158046029,1
2024-03-12 14:13:32,158046288,1
2024-03-12 14:13:32,158046511,0
2024-03-12 14:13:32,158046728,1
2024-03-12 14:13:32,158046916,0
2024-03-12 14:13:32,167222018,0
2024-03-12 14:13:32,167222141,5
2024-03-12 14:13:32,176856256,0
2024-03-12 14:13:32,203568824,3
2024-03-12 14:13:32,265397056,2
2024-03-12 14:22:26,29745906,1
2024-03-12 14:22:26,29746009,3
2024-03-12 14:22:26,29746047,2
2024-03-12 14:22:26,29746068,2
2024-03-12 14:22:26,29746123,2
2024-03-12 14:22:26,29746679,1
2024-03-12 14:22:26,29747497,4
2024-03-12 14:22:26,29749806,3
2024-03-12 14:22:26,29749855,0
2024-03-12 14:22:26,29749951,0
2024-03-12 14:22:26,29750190,2
2024-03-12 14:22:26,29750264,2
2024-03-12 14:22:26,29750615,1
2024-03-12 14:22:26,29751228,4
2024-03-12 14:22:26,29751388,2
2024-03-12 14:22:26,29751426,7
2024-03-12 14:22:26,29751502,0
2024-03-12 14:22:26,29751545,2
2024-03-12 14:22:26,29751592,1
2024-03-12 14:22:26,29751674,3
2024-03-12 14:22:26,29751736,0
2024-03-12 14:22:26,29751789,1
2024-03-12 14:22:26,29751918,0
2024-03-12 14:22:26,29752309,5
2024-03-12 14:22:26,29752472,2
2024-03-12 14:22:26,29752573,0
2024-03-12 14:22:26,29753372,0
2024-03-12 14:22:26,29753410,4
2024-03-12 14:22:26,29755203,2
2024-03-12 14:22:26,29992386,4
2024-03-12 14:22:26,29992613,1
2024-03-12 14:22:26,30278163,0
2024-03-12 14:22:26,30613108,3
2024-03-12 14:22:26,30613827,0
2024-03-12 14:22:26,30613955,2
2024-03-12 14:22:26,30925063,1
2024-03-12 14:22:26,31868207,1
2024-03-12 14:22:26,35855774,0
2024-03-12 14:22:26,35855809,2
2024-03-12 14:22:26,145369985,3
2024-03-12 14:22:26,152260960,1
2024-03-12 14:22:26,158039882,0
2024-03-12 14:22:26,158040425,1
2024-03-12 14:22:26,158040663,0
2024-03-12 14:22:26,158040927,4
2024-03-12 14:22:26,158041172,1
2024-03-12 14:22:26,158041482,1
2024-03-12 14:22:26,158041981,3
2024-03-12 14:22:26,158042216,2
2024-03-12 14:22:26,158042737,2
2024-03-12 14:22:26,158042992,1
2024-03-12 14:22:26,158046029,1
2024-03-12 14:22:26,158046288,1
2024-03-12 14:22:26,158046511,0
2024-03-12 14:22:26,158046728,1
2024-03-12 14:22:26,158046916,0
2024-03-12 14:22:26,167222018,0
2024-03-12 14:22:26,167222141,5
2024-03-12 14:22:26,176856256,0
2024-03-12 14:22:26,203568824,3
2024-03-12 14:22:26,265397056,2
2024-03-12 14:37:06,29745906,1
2024-03-12 14:37:06,29746009,3
2024-03-12 14:37:06,29746047,2
2024-03-12 14:37:06,29746068,2
2024-03-12 14:37:06,29746123,2
2024-03-12 14:37:06,29746679,1
2024-03-12 14:37:06,29747497,4
2024-03-12 14:37:06,29749806,3
2024-03-12 14:37:06,29749855,0
2024-03-12 14:37:06,29749951,0
2024-03-12 14:37:06,29750190,2
2024-03-12 14:37:06,29750264,2
2024-03-12 14:37:06,29750615,1
2024-03-12 14:37:06,29751228,4
2024-03-12 14:37:06,29751388,2
2024-03-12 14:37:06,29751426,7
2024-03-12 14:37:06,29751502,0
2024-03-12 14:37:06,29751545,2
2024-03-12 14:37:06,29751592,1
2024-03-12 14:37:06,29751674,3
2024-03-12 14:37:06,29751736,0
2024-03-12 14:37:06,29751789,1
2024-03-12 14:37:06,29751918,0
2024-03-12 14:37:06,29752309,5
2024-03-12 14:37:06,29752472,2
2024-03-12 14:37:06,29752573,0
2024-03-12 14:37:06,29753372,0
2024-03-12 14:37:06,29753410,4
2024-03-12 14:37:06,29755203,2
2024-03-12 14:37:06,29992386,4
2024-03-12 14:37:06,29992613,1
2024-03-12 14:37:06,30278163,0
2024-03-12 14:37:06,30613108,3
2024-03-12 14:37:06,30613827,0
2024-03-12 14:37:06,30613955,2
2024-03-12 14:37:06,30925063,1
2024-03-12 14:37:06,31868207,1
2024-03-12 14:37:06,35855774,0
2024-03-12 14:37:06,35855809,2
2024-03-12 14:37:06,145369985,3
2024-03-12 14:37:06,152260960,1
2024-03-12 14:37:06,158039882,0
2024-03-12 14:37:06,158040425,1
2024-03-12 14:37:06,158040663,0
2024-03-12 14:37:06,158040927,4
2024-03-12 14:37:06,158041172,1
2024-03-12 14:37:06,158041482,1
2024-03-12 14:37:06,158041981,3
2024-03-12 14:37:06,158042216,2
2024-03-12 14:37:06,158042737,2
2024-03-12 14:37:06,158042992,1
2024-03-12 14:37:06,158046029,1
2024-03-12 14:37:06,158046288,1
2024-03-12 14:37:06,158046511,0
2024-03-12 14:37:06,158046728,1
2024-03-12 14:37:06,158046916,0
2024-03-12 14:37:06,167222018,0
2024-03-12 14:37:06,167222141,5
2024-03-12 14:37:06,176856256,0
2024-03-12 14:37:06,203568824,3
2024-03-12 14:37:06,265397056,2
2024-03-12 14:52:54,29745906,1
2024-03-12 14:52:54,29746009,3
2024-03-12 14:52:54,29746047,2
2024-03-12 14:52:54,29746068,2
2024-03-12 14:52:54,29746123,2
2024-03-12 14:52:54,29746679,1
2024-03-12 14:52:54,29747497,4
2024-03-12 14:52:54,29749806,3
2024-03-12 14:52:54,29749855,0
2024-03-12 14:52:54,29749951,0
2024-03-12 14:52:54,29750190,2
2024-03-12 14:52:54,29750264,2
2024-03-12 14:52:54,29750615,1
2024-03-12 14:52:54,29751228,4
2024-03-12 14:52:54,29751388,2
2024-03-12 14:52:54,29751426,7
2024-03-12 14:52:54,29751502,0
2024-03-12 14:52:54,29751545,2
2024-03-12 14:52:54,29751592,1
2024-03-12 14:52:54,29751674,3
2024-03-12 14:52:54,29751736,0
2024-03-12 14:52:54,29751789,1
2024-03-12 14:52:54,29751918,0
2024-03-12 14:52:54,29752309,5
2024-03-12 14:52:54,29752472,2
2024-03-12 14:52:54,29752573,0
2024-03-12 14:52:54,29753372,0
2024-03-12 14:52:54,29753410,4
2024-03-12 14:52:54,29755203,2
2024-03-12 14:52:54,29992386,4
2024-03-12 14:52:54,29992613,1
2024-03-12 14:52:54,30278163,0
2024-03-12 14:52:54,30613108,3
2024-03-12 14:52:54,30613827,0
2024-03-12 14:52:54,30613955,1
2024-03-12 14:52:54,30925063,1
2024-03-12 14:52:54,31868207,1
2024-03-12 14:52:54,35855774,0
2024-03-12 14:52:54,35855809,2
2024-03-12 14:52:54,145369985,3
2024-03-12 14:52:54,152260960,1
2024-03-12 14:52:54,158039882,0
2024-03-12 14:52:54,158040425,1
2024-03-12 14:52:54,158040663,0
2024-03-12 14:52:54,158040927,4
2024-03-12 14:52:54,158041172,1
2024-03-12 14:52:54,158041482,1
2024-03-12 14:52:54,158041981,3
2024-03-12 14:52:54,158042216,2
2024-03-12 14:52:54,158042737,2
2024-03-12 14:52:54,158042992,1
2024-03-12 14:52:54,158046029,1
2024-03-12 14:52:54,158046288,1
2024-03-12 14:52:54,158046511,0
2024-03-12 14:52:54,158046728,1
2024-03-12 14:52:54,158046916,0
2024-03-12 14:52:54,167222018,0
2024-03-12 14:52:54,167222141,5
2024-03-12 14:52:54,176856256,0
2024-03-12 14:52:54,203568824,3
2024-03-12 14:52:54,265397056,2
2024-03-12 15:11:25,29745906,1
2024-03-12 15:11:25,29746009,3
2024-03-12 15:11:25,29746047,2
2024-03-12 15:11:25,29746068,2
2024-03-12 15:11:25,29746123,2
2024-03-12 15:11:25,29746679,1
2024-03-12 15:11:25,29747497,4
2024-03-12 15:11:25,29749806,3
2024-03-12 15:11:25,29749855,0
2024-03-12 15:11:25,29749951,0
2024-03-12 15:11:25,29750190,2
2024-03-12 15:11:25,29750264,2
2024-03-12 15:11:25,29750615,1
2024-03-12 15:11:25,29751228,4
2024-03-12 15:11:25,29751388,2
2024-03-12 15:11:25,29751426,7
2024-03-12 15:11:25,29751502,0
2024-03-12 15:11:25,29751545,2
2024-03-12 15:11:25,29751592,1
2024-03-12 15:11:25,29751674,3
2024-03-12 15:11:25,29751736,0
2024-03-12 15:11:25,29751789,2
2024-03-12 15:11:25,29751918,0
2024-03-12 15:11:25,29752309,5
2024-03-12 15:11:25,29752472,2
2024-03-12 15:11:25,29752573,0
2024-03-12 15:11:25,29753372,0
2024-03-12 15:11:25,29753410,4
2024-03-12 15:11:25,29755203,2
2024-03-12 15:11:25,29992386,4
2024-03-12 15:11:25,29992613,1
2024-03-12 15:11:25,30278163,0
2024-03-12 15:11:25,30613108,3
2024-03-12 15:11:25,30613827,0
2024-03-12 15:11:25,30613955,1
2024-03-12 15:11:25,30925063,1
2024-03-12 15:11:25,31868207,1
2024-03-12 15:11:25,35855774,0
2024-03-12 15:11:25,35855809,2
2024-03-12 15:11:25,145369985,3
2024-03-12 15:11:25,152260960,1
2024-03-12 15:11:25,158039882,0
2024-03-12 15:11:25,158040425,1
2024-03-12 15:11:25,158040663,0
2024-03-12 15:11:25,158040927,4
2024-03-12 15:11:25,158041172,1
2024-03-12 15:11:25,158041482,1
2024-03-12 15:11:25,158041981,3
2024-03-12 15:11:25,158042216,2
2024-03-12 15:11:25,158042737,2
2024-03-12 15:11:25,158042992,1
2024-03-12 15:11:25,158046029,1
2024-03-12 15:11:25,158046288,1
2024-03-12 15:11:25,158046511,0
2024-03-12 15:11:25,158046728,1
2024-03-12 15:11:25,158046916,0
2024-03-12 15:11:25,167222018,0
2024-03-12 15:11:25,167222141,5
2024-03-12 15:11:25,176856256,0
2024-03-12 15:11:25,203568824,3
2024-03-12 15:11:25,265397056,2
2024-03-12 15:24:26,29745906,1
2024-03-12 15:24:26,29746009,3
2024-03-12 15:24:26,29746047,2
2024-03-12 15:24:26,29746068,2
2024-03-12 15:24:26,29746123,2
2024-03-12 15:24:26,29746679,1
2024-03-12 15:24:26,29747497,4
2024-03-12 15:24:26,29749806,3
2024-03-12 15:24:26,29749855,0
2024-03-12 15:24:26,29749951,0
2024-03-12 15:24:26,29750190,2
2024-03-12 15:24:26,29750264,2
2024-03-12 15:24:26,29750615,1
2024-03-12 15:24:26,29751228,3
2024-03-12 15:24:26,29751388,2
2024-03-12 15:24:26,29751426,7
2024-03-12 15:24:26,29751502,0
2024-03-12 15:24:26,29751545,2
2024-03-12 15:24:26,29751592,1
2024-03-12 15:24:26,29751674,3
2024-03-12 15:24:26,29751736,0
2024-03-12 15:24:26,29751789,2
2024-03-12 15:24:26,29751918,0
2024-03-12 15:24:26,29752309,5
2024-03-12 15:24:26,29752472,2
2024-03-12 15:24:26,29752573,0
2024-03-12 15:24:26,29753372,0
2024-03-12 15:24:26,29753410,4
2024-03-12 15:24:26,29755203,2
2024-03-12 15:24:26,29992386,4
2024-03-12 15:24:26,29992613,1
2024-03-12 15:24:26,30278163,0
2024-03-12 15:24:26,30613108,3
2024-03-12 15:24:26,30613827,0
2024-03-12 15:24:26,30613955,1
2024-03-12 15:24:26,30925063,1
2024-03-12 15:24:26,31868207,1
2024-03-12 15:24:26,35855774,0
2024-03-12 15:24:26,35855809,2
2024-03-12 15:24:26,145369985,3
2024-03-12 15:24:26,152260960,1
2024-03-12 15:24:26,158039882,0
2024-03-12 15:24:26,158040425,1
2024-03-12 15:24:26,158040663,0
2024-03-12 15:24:26,158040927,4
2024-03-12 15:24:26,158041172,1
2024-03-12 15:24:26,158041482,1
2024-03-12 15:24:26,158041981,3
2024-03-12 15:24:26,158042216,2
2024-03-12 15:24:26,158042737,2
2024-03-12 15:24:26,158042992,1
2024-03-12 15:24:26,158046029,1
2024-03-12 15:24:26,158046288,1
2024-03-12 15:24:26,158046511,0
2024-03-12 15:24:26,158046728,1
2024-03-12 15:24:26,158046916,0
2024-03-12 15:24:26,167222018,0
2024-03-12 15:24:26,167222141,5
2024-03-12 15:24:26,176856256,0
2024-03-12 15:24:26,203568824,3
2024-03-12 15:24:26,265397056,2
2024-03-12 15:36:38,29745906,1
2024-03-12 15:36:38,29746009,3
2024-03-12 15:36:38,29746047,2
2024-03-12 15:36:38,29746068,2
2024-03-12 15:36:38,29746123,2
2024-03-12 15:36:38,29746679,1
2024-03-12 15:36:38,29747497,4
2024-03-12 15:36:38,29749806,3
2024-03-12 15:36:38,29749855,0
2024-03-12 15:36:38,29749951,0
2024-03-12 15:36:38,29750190,2
2024-03-12 15:36:38,29750264,2
2024-03-12 15:36:38,29750615,1
2024-03-12 15:36:38,29751228,3
2024-03-12 15:36:38,29751388,2
2024-03-12 15:36:38,29751426,7
2024-03-12 15:36:38,29751502,0
2024-03-12 15:36:38,29751545,2
2024-03-12 15:36:38,29751592,1
2024-03-12 15:36:38,29751674,3
2024-03-12 15:36:38,29751736,0
2024-03-12 15:36:38,29751789,2
2024-03-12 15:36:38,29751918,0
2024-03-12 15:36:38,29752309,5
2024-03-12 15:36:38,29752472,2
2024-03-12 15:36:38,29752573,0
2024-03-12 15:36:38,29753372,0
2024-03-12 15:36:38,29753410,4
2024-03-12 15:36:38,29755203,2
2024-03-12 15:36:38,29992386,4
2024-03-12 15:36:38,29992613,1
2024-03-12 15:36:38,30278163,0
2024-03-12 15:36:38,30613108,3
2024-03-12 15:36:38,30613827,0
2024-03-12 15:36:38,30613955,1
2024-03-12 15:36:38,30925063,1
2024-03-12 15:36:38,31868207,1
2024-03-12 15:36:38,35855774,0
2024-03-12 15:36:38,35855809,2
2024-03-12 15:36:38,145369985,3
2024-03-12 15:36:38,152260960,1
2024-03-12 15:36:38,158039882,0
2024-03-12 15:36:38,158040425,1
2024-03-12 15:36:38,158040663,0
2024-03-12 15:36:38,158040927,4
2024-03-12 15:36:38,158041172,1
2024-03-12 15:36:38,158041482,1
2024-03-12 15:36:38,158041981,3
2024-03-12 15:36:38,158042216,2
2024-03-12 15:36:38,158042737,2
2024-03-12 15:36:38,158042992,1
2024-03-12 15:36:38,158046029,1
2024-03-12 15:36:38,158046288,1
2024-03-12 15:36:38,158046511,0
2024-03-12 15:36:38,158046728,1
2024-03-12 15:36:38,158046916,0
2024-03-12 15:36:38,167222018,0
2024-03-12 15:36:38,167222141,5
2024-03-12 15:36:38,176856256,0
2024-03-12 15:36:38,203568824,3
2024-03-12 15:36:38,265397056,2
2024-03-12 15:52:52,29745906,1
2024-03-12 15:52:52,29746009,3
2024-03-12 15:52:52,29746047,2
2024-03-12 15:52:52,29746068,2
2024-03-12 15:52:52,29746123,2
2024-03-12 15:52:52,29746679,1
2024-03-12 15:52:52,29747497,4
2024-03-12 15:52:52,29749806,3
2024-03-12 15:52:52,29749855,0
2024-03-12 15:52:52,29749951,0
2024-03-12 15:52:52,29750190,2
2024-03-12 15:52:52,29750264,2
2024-03-12 15:52:52,29750615,1
2024-03-12 15:52:52,29751228,2
2024-03-12 15:52:52,29751388,2
2024-03-12 15:52:52,29751426,7
2024-03-12 15:52:52,29751502,0
2024-03-12 15:52:52,29751545,2
2024-03-12 15:52:52,29751592,1
2024-03-12 15:52:52,29751674,3
2024-03-12 15:52:52,29751736,0
2024-03-12 15:52:52,29751789,2
2024-03-12 15:52:52,29751918,0
2024-03-12 15:52:52,29752309,5
2024-03-12 15:52:52,29752472,2
2024-03-12 15:52:52,29752573,0
2024-03-12 15:52:52,29753372,0
2024-03-12 15:52:52,29753410,4
2024-03-12 15:52:52,29755203,2
2024-03-12 15:52:52,29992386,4
2024-03-12 15:52:52,29992613,1
2024-03-12 15:52:52,30278163,0
2024-03-12 15:52:52,30613108,3
2024-03-12 15:52:52,30613827,0
2024-03-12 15:52:52,30613955,1
2024-03-12 15:52:52,30925063,1
2024-03-12 15:52:52,31868207,1
2024-03-12 15:52:52,35855774,0
2024-03-12 15:52:52,35855809,2
2024-03-12 15:52:52,145369985,3
2024-03-12 15:52:52,152260960,1
2024-03-12 15:52:52,158039882,0
2024-03-12 15:52:52,158040425,1
2024-03-12 15:52:52,158040663,0
2024-03-12 15:52:52,158040927,4
2024-03-12 15:52:52,158041172,1
2024-03-12 15:52:52,158041482,1
2024-03-12 15:52:52,158041981,3
2024-03-12 15:52:52,158042216,2
2024-03-12 15:52:52,158042737,2
2024-03-12 15:52:52,158042992,1
2024-03-12 15:52:52,158046029,1
2024-03-12 15:52:52,158046288,1
2024-03-12 15:52:52,158046511,0
2024-03-12 15:52:52,158046728,1
2024-03-12 15:52:52,158046916,0
2024-03-12 15:52:52,167222018,0
2024-03-12 15:52:52,167222141,5
2024-03-12 15:52:52,176856256,0
2024-03-12 15:52:52,203568824,3
2024-03-12 15:52:52,265397056,2
2024-03-12 16:12:24,29745906,1
2024-03-12 16:12:24,29746009,3
2024-03-12 16:12:24,29746047,2
2024-03-12 16:12:24,29746068,2
2024-03-12 16:12:24,29746123,2
2024-03-12 16:12:24,29746679,1
2024-03-12 16:12:24,29747497,4
2024-03-12 16:12:24,29749806,3
2024-03-12 16:12:24,29749855,0
2024-03-12 16:12:24,29749951,0
2024-03-12 16:12:24,29750190,2
2024-03-12 16:12:24,29750264,2
2024-03-12 16:12:24,29750615,1
2024-03-12 16:12:24,29751228,2
2024-03-12 16:12:24,29751388,2
2024-03-12 16:12:24,29751426,7
2024-03-12 16:12:24,29751502,0
2024-03-12 16:12:24,29751545,2
2024-03-12 16:12:24,29751592,1
2024-03-12 16:12:24,29751674,3
2024-03-12 16:12:24,29751736,0
2024-03-12 16:12:24,29751789,1
2024-03-12 16:12:24,29751918,0
2024-03-12 16:12:24,29752309,5
2024-03-12 16:12:24,29752472,2
2024-03-12 16:12:24,29752573,0
2024-03-12 16:12:24,29753372,0
2024-03-12 16:12:24,29753410,4
2024-03-12 16:12:24,29755203,2
2024-03-12 16:12:24,29992386,4
2024-03-12 16:12:24,29992613,1
2024-03-12 16:12:24,30278163,0
2024-03-12 16:12:24,30613108,3
2024-03-12 16:12:24,30613827,0
2024-03-12 16:12:24,30613955,2
2024-03-12 16:12:24,30925063,1
2024-03-12 16:12:24,31868207,1
2024-03-12 16:12:24,35855774,0
2024-03-12 16:12:24,35855809,2
2024-03-12 16:12:24,145369985,3
2024-03-12 16:12:24,152260960,1
2024-03-12 16:12:24,158039882,0
2024-03-12 16:12:24,158040425,1
2024-03-12 16:12:24,158040663,0
2024-03-12 16:12:24,158040927,4
2024-03-12 16:12:24,158041172,1
2024-03-12 16:12:24,158041482,1
2024-03-12 16:12:24,158041981,3
2024-03-12 16:12:24,158042216,2
2024-03-12 16:12:24,158042737,2
2024-03-12 16:12:24,158042992,1
2024-03-12 16:12:24,158046029,1
2024-03-12 16:12:24,158046288,1
2024-03-12 16:12:24,158046511,0
2024-03-12 16:12:24,158046728,1
2024-03-12 16:12:24,158046916,0
2024-03-12 16:12:24,167222018,0
2024-03-12 16:12:24,167222141,5
2024-03-12 16:12:24,176856256,0
2024-03-12 16:12:24,203568824,3
2024-03-12 16:12:24,265397056,2
2024-03-12 16:21:51,29745906,1
2024-03-12 16:21:51,29746009,3
2024-03-12 16:21:51,29746047,2
2024-03-12 16:21:51,29746068,2
2024-03-12 16:21:51,29746123,2
2024-03-12 16:21:51,29746679,1
2024-03-12 16:21:51,29747497,4
2024-03-12 16:21:51,29749806,3
2024-03-12 16:21:51,29749855,0
2024-03-12 16:21:51,29749951,0
2024-03-12 16:21:51,29750190,2
2024-03-12 16:21:51,29750264,2
2024-03-12 16:21:51,29750615,1
2024-03-12 16:21:51,29751228,2
2024-03-12 16:21:51,29751388,2
2024-03-12 16:21:51,29751426,7
2024-03-12 16:21:51,29751502,0
2024-03-12 16:21:51,29751545,2
2024-03-12 16:21:51,29751592,1
2024-03-12 16:21:51,29751674,3
2024-03-12 16:21:51,29751736,0
2024-03-12 16:21:51,29751789,1
2024-03-12 16:21:51,29751918,0
2024-03-12 16:21:51,29752309,5
2024-03-12 16:21:51,29752472,2
2024-03-12 16:21:51,29752573,0
2024-03-12 16:21:51,29753372,0
2024-03-12 16:21:51,29753410,4
2024-03-12 16:21:51,29755203,2
2024-03-12 16:21:51,29992386,4
2024-03-12 16:21:51,29992613,1
2024-03-12 16:21:51,30278163,0
2024-03-12 16:21:51,30613108,3
2024-03-12 16:21:51,30613827,0
2024-03-12 16:21:51,30613955,2
2024-03-12 16:21:51,30925063,1
2024-03-12 16:21:51,31868207,1
2024-03-12 16:21:51,35855774,0
2024-03-12 16:21:51,35855809,2
2024-03-12 16:21:51,145369985,3
2024-03-12 16:21:51,152260960,1
2024-03-12 16:21:51,158039882,0
2024-03-12 16:21:51,158040425,1
2024-03-12 16:21:51,158040663,0
2024-03-12 16:21:51,158040927,4
2024-03-12 16:21:51,158041172,1
2024-03-12 16:21:51,158041482,1
2024-03-12 16:21:51,158041981,3
2024-03-12 16:21:51,158042216,2
2024-03-12 16:21:51,158042737,2
2024-03-12 16:21:51,158042992,1
2024-03-12 16:21:51,158046029,1
2024-03-12 16:21:51,158046288,1
2024-03-12 16:21:51,158046511,0
2024-03-12 16:21:51,158046728,1
2024-03-12 16:21:51,158046916,0
2024-03-12 16:21:51,167222018,0
2024-03-12 16:21:51,167222141,5
2024-03-12 16:21:51,176856256,0
2024-03-12 16:21:51,203568824,3
2024-03-12 16:21:51,265397056,2
2024-03-12 16:39:00,29745906,1
2024-03-12 16:39:00,29746009,3
2024-03-12 16:39:00,29746047,2
2024-03-12 16:39:00,29746068,2
2024-03-12 16:39:00,29746123,2
2024-03-12 16:39:00,29746679,1
2024-03-12 16:39:00,29747497,4
2024-03-12 16:39:00,29749806,3
2024-03-12 16:39:00,29749855,0
2024-03-12 16:39:00,29749951,0
2024-03-12 16:39:00,29750190,2
2024-03-12 16:39:00,29750264,2
2024-03-12 16:39:00,29750615,1
2024-03-12 16:39:00,29751228,2
2024-03-12 16:39:00,29751388,2
2024-03-12 16:39:00,29751426,7
2024-03-12 16:39:00,29751502,0
2024-03-12 16:39:00,29751545,2
2024-03-12 16:39:00,29751592,1
2024-03-12 16:39:00,29751674,3
2024-03-12 16:39:00,29751736,0
2024-03-12 16:39:00,29751789,1
2024-03-12 16:39:00,29751918,0
2024-03-12 16:39:00,29752309,5
2024-03-12 16:39:00,29752472,2
2024-03-12 16:39:00,29752573,0
2024-03-12 16:39:00,29753372,0
2024-03-12 16:39:00,29753410,4
2024-03-12 16:39:00,29755203,2
2024-03-12 16:39:00,29992386,4
2024-03-12 16:39:00,29992613,1
2024-03-12 16:39:00,30278163,0
2024-03-12 16:39:00,30613108,3
2024-03-12 16:39:00,30613827,0
2024-03-12 16:39:00,30613955,2
2024-03-12 16:39:00,30925063,1
2024-03-12 16:39:00,31868207,1
2024-03-12 16:39:00,35855774,0
2024-03-12 16:39:00,35855809,2
2024-03-12 16:39:00,145369985,3
2024-03-12 16:39:00,152260960,1
2024-03-12 16:39:00,158039882,0
2024-03-12 16:39:00,158040425,1
2024-03-12 16:39:00,158040663,0
2024-03-12 16:39:00,158040927,4
2024-03-12 16:39:00,158041172,1
2024-03-12 16:39:00,158041482,1
2024-03-12 16:39:00,158041981,3
2024-03-12 16:39:00,158042216,2
2024-03-12 16:39:00,158042737,2
2024-03-12 16:39:00,158042992,1
2024-03-12 16:39:00,158046029,1
2024-03-12 16:39:00,158046288,1
2024-03-12 16:39:00,158046511,0
2024-03-12 16:39:00,158046728,1
2024-03-12 16:39:00,158046916,0
2024-03-12 16:39:00,167222018,0
2024-03-12 16:39:00,167222141,5
2024-03-12 16:39:00,176856256,0
2024-03-12 16:39:00,203568824,3
2024-03-12 16:39:00,265397056,2
2024-03-12 16:52:56,29745906,1
2024-03-12 16:52:56,29746009,3
2024-03-12 16:52:56,29746047,2
2024-03-12 16:52:56,29746068,2
2024-03-12 16:52:56,29746123,2
2024-03-12 16:52:56,29746679,1
2024-03-12 16:52:56,29747497,4
2024-03-12 16:52:56,29749806,3
2024-03-12 16:52:56,29749855,0
2024-03-12 16:52:56,29749951,0
2024-03-12 16:52:56,29750190,2
2024-03-12 16:52:56,29750264,2
2024-03-12 16:52:56,29750615,1
2024-03-12 16:52:56,29751228,2
2024-03-12 16:52:56,29751388,2
2024-03-12 16:52:56,29751426,7
2024-03-12 16:52:56,29751502,0
2024-03-12 16:52:56,29751545,2
2024-03-12 16:52:56,29751592,1
2024-03-12 16:52:56,29751674,3
2024-03-12 16:52:56,29751736,0
2024-03-12 16:52:56,29751789,1
2024-03-12 16:52:56,29751918,0
2024-03-12 16:52:56,29752309,5
2024-03-12 16:52:56,29752472,2
2024-03-12 16:52:56,29752573,0
2024-03-12 16:52:56,29753372,0
2024-03-12 16:52:56,29753410,4
2024-03-12 16:52:56,29755203,2
2024-03-12 16:52:56,29992386,4
2024-03-12 16:52:56,29992613,1
2024-03-12 16:52:56,30278163,0
2024-03-12 16:52:56,30613108,3
2024-03-12 16:52:56,30613827,0
2024-03-12 16:52:56,30613955,2
2024-03-12 16:52:56,30925063,1
2024-03-12 16:52:56,31868207,1
2024-03-12 16:52:56,35855774,0
2024-03-12 16:52:56,35855809,2
2024-03-12 16:52:56,145369985,3
2024-03-12 16:52:56,152260960,1
2024-03-12 16:52:56,158039882,0
2024-03-12 16:52:56,158040425,1
2024-03-12 16:52:56,158040663,0
2024-03-12 16:52:56,158040927,4
2024-03-12 16:52:56,158041172,1
2024-03-12 16:52:56,158041482,1
2024-03-12 16:52:56,158041981,3
2024-03-12 16:52:56,158042216,2
2024-03-12 16:52:56,158042737,2
2024-03-12 16:52:56,158042992,1
2024-03-12 16:52:56,158046029,1
2024-03-12 16:52:56,158046288,2
2024-03-12 16:52:56,158046511,0
2024-03-12 16:52:56,158046728,1
2024-03-12 16:52:56,158046916,0
2024-03-12 16:52:56,167222018,0
2024-03-12 16:52:56,167222141,5
2024-03-12 16:52:56,176856256,0
2024-03-12 16:52:56,203568824,3
2024-03-12 16:52:56,265397056,2
2024-03-12 17:16:11,29745906,1
2024-03-12 17:16:11,29746009,3
2024-03-12 17:16:11,29746047,2
2024-03-12 17:16:11,29746068,2
2024-03-12 17:16:11,29746123,2
2024-03-12 17:16:11,29746679,1
2024-03-12 17:16:11,29747497,4
2024-03-12 17:16:11,29749806,3
2024-03-12 17:16:11,29749855,0
2024-03-12 17:16:11,29749951,0
2024-03-12 17:16:11,29750190,2
2024-03-12 17:16:11,29750264,2
2024-03-12 17:16:11,29750615,1
2024-03-12 17:16:11,29751228,2
2024-03-12 17:16:11,29751388,2
2024-03-12 17:16:11,29751426,7
2024-03-12 17:16:11,29751502,0
2024-03-12 17:16:11,29751545,2
2024-03-12 17:16:11,29751592,1
2024-03-12 17:16:11,29751674,3
2024-03-12 17:16:11,29751736,0
2024-03-12 17:16:11,29751789,1
2024-03-12 17:16:11,29751918,0
2024-03-12 17:16:11,29752309,4
2024-03-12 17:16:11,29752472,2
2024-03-12 17:16:11,29752573,0
2024-03-12 17:16:11,29753372,0
2024-03-12 17:16:11,29753410,4
2024-03-12 17:16:11,29755203,2
2024-03-12 17:16:11,29992386,4
2024-03-12 17:16:11,29992613,1
2024-03-12 17:16:11,30278163,0
2024-03-12 17:16:11,30613108,3
2024-03-12 17:16:11,30613827,0
2024-03-12 17:16:11,30613955,2
2024-03-12 17:16:11,30925063,1
2024-03-12 17:16:11,31868207,2
2024-03-12 17:16:11,35855774,0
2024-03-12 17:16:11,35855809,2
2024-03-12 17:16:11,145369985,3
2024-03-12 17:16:11,152260960,1
2024-03-12 17:16:11,158039882,0
2024-03-12 17:16:11,158040425,1
2024-03-12 17:16:11,158040663,0
2024-03-12 17:16:11,158040927,4
2024-03-12 17:16:11,158041172,1
2024-03-12 17:16:11,158041482,1
2024-03-12 17:16:11,158041981,3
2024-03-12 17:16:11,158042216,2
2024-03-12 17:16:11,158042737,2
2024-03-12 17:16:11,158042992,1
2024-03-12 17:16:11,158046029,1
2024-03-12 17:16:11,158046288,2
2024-03-12 17:16:11,158046511,0
2024-03-12 17:16:11,158046728,1
2024-03-12 17:16:11,158046916,0
2024-03-12 17:16:11,167222018,0
2024-03-12 17:16:11,167222141,5
2024-03-12 17:16:11,176856256,0
2024-03-12 17:16:11,203568824,3
2024-03-12 17:16:11,265397056,2
2024-03-12 17:28:03,29745906,0
2024-03-12 17:28:03,29746009,3
2024-03-12 17:28:03,29746047,2
2024-03-12 17:28:03,29746068,2
2024-03-12 17:28:03,29746123,2
2024-03-12 17:28:03,29746679,1
2024-03-12 17:28:03,29747497,4
2024-03-12 17:28:03,29749806,3
2024-03-12 17:28:03,29749855,0
2024-03-12 17:28:03,29749951,0
2024-03-12 17:28:03,29750190,2
2024-03-12 17:28:03,29750264,2
2024-03-12 17:28:03,29750615,1
2024-03-12 17:28:03,29751228,2
2024-03-12 17:28:03,29751388,2
2024-03-12 17:28:03,29751426,7
2024-03-12 17:28:03,29751502,0
2024-03-12 17:28:03,29751545,2
2024-03-12 17:28:03,29751592,1
2024-03-12 17:28:03,29751674,3
2024-03-12 17:28:03,29751736,0
2024-03-12 17:28:03,29751789,1
2024-03-12 17:28:03,29751918,0
2024-03-12 17:28:03,29752309,4
2024-03-12 17:28:03,29752472,2
2024-03-12 17:28:03,29752573,0
2024-03-12 17:28:03,29753372,0
2024-03-12 17:28:03,29753410,4
2024-03-12 17:28:03,29755203,2
2024-03-12 17:28:03,29992386,4
2024-03-12 17:28:03,29992613,1
2024-03-12 17:28:03,30278163,0
2024-03-12 17:28:03,30613108,3
2024-03-12 17:28:03,30613827,0
2024-03-12 17:28:03,30613955,1
2024-03-12 17:28:03,30925063,2
2024-03-12 17:28:03,31868207,2
2024-03-12 17:28:03,35855774,0
2024-03-12 17:28:03,35855809,2
2024-03-12 17:28:03,145369985,3
2024-03-12 17:28:03,152260960,1
2024-03-12 17:28:03,158039882,0
2024-03-12 17:28:03,158040425,1
2024-03-12 17:28:03,158040663,0
2024-03-12 17:28:03,158040927,4
2024-03-12 17:28:03,158041172,1
2024-03-12 17:28:03,158041482,1
2024-03-12 17:28:03,158041981,3
2024-03-12 17:28:03,158042216,2
2024-03-12 17:28:03,158042737,2
2024-03-12 17:28:03,158042992,1
2024-03-12 17:28:03,158046029,1
2024-03-12 17:28:03,158046288,2
2024-03-12 17:28:03,158046511,0
2024-03-12 17:28:03,158046728,1
2024-03-12 17:28:03,158046916,0
2024-03-12 17:28:03,167222018,0
2024-03-12 17:28:03,167222141,5
2024-03-12 17:28:03,176856256,0
2024-03-12 17:28:03,203568824,3
2024-03-12 17:28:03,265397056,2
2024-03-12 17:38:35,29745906,0
2024-03-12 17:38:35,29746009,3
2024-03-12 17:38:35,29746047,2
2024-03-12 17:38:35,29746068,1
2024-03-12 17:38:35,29746123,2
2024-03-12 17:38:35,29746679,1
2024-03-12 17:38:35,29747497,4
2024-03-12 17:38:35,29749806,3
2024-03-12 17:38:35,29749855,0
2024-03-12 17:38:35,29749951,0
2024-03-12 17:38:35,29750190,2
2024-03-12 17:38:35,29750264,2
2024-03-12 17:38:35,29750615,1
2024-03-12 17:38:35,29751228,2
2024-03-12 17:38:35,29751388,2
2024-03-12 17:38:35,29751426,7
2024-03-12 17:38:35,29751502,0
2024-03-12 17:38:35,29751545,2
2024-03-12 17:38:35,29751592,1
2024-03-12 17:38:35,29751674,3
2024-03-12 17:38:35,29751736,1
2024-03-12 17:38:35,29751789,1
2024-03-12 17:38:35,29751918,0
2024-03-12 17:38:35,29752309,4
2024-03-12 17:38:35,29752472,2
2024-03-12 17:38:35,29752573,0
2024-03-12 17:38:35,29753372,0
2024-03-12 17:38:35,29753410,4
2024-03-12 17:38:35,29755203,2
2024-03-12 17:38:35,29992386,4
2024-03-12 17:38:35,29992613,1
2024-03-12 17:38:35,30278163,0
2024-03-12 17:38:35,30613108,3
2024-03-12 17:38:35,30613827,0
2024-03-12 17:38:35,30613955,1
2024-03-12 17:38:35,30925063,2
2024-03-12 17:38:35,31868207,2
2024-03-12 17:38:35,35855774,0
2024-03-12 17:38:35,35855809,2
2024-03-12 17:38:35,145369985,3
2024-03-12 17:38:35,152260960,1
2024-03-12 17:38:35,158039882,0
2024-03-12 17:38:35,158040425,1
2024-03-12 17:38:35,158040663,0
2024-03-12 17:38:35,158040927,4
2024-03-12 17:38:35,158041172,1
2024-03-12 17:38:35,158041482,1
2024-03-12 17:38:35,158041981,3
2024-03-12 17:38:35,158042216,2
2024-03-12 17:38:35,158042737,2
2024-03-12 17:38:35,158042992,1
2024-03-12 17:38:35,158046029,1
2024-03-12 17:38:35,158046288,2
2024-03-12 17:38:35,158046511,0
2024-03-12 17:38:35,158046728,1
2024-03-12 17:38:35,158046916,0
2024-03-12 17:38:35,167222018,0
2024-03-12 17:38:35,167222141,5
2024-03-12 17:38:35,176856256,0
2024-03-12 17:38:35,203568824,3
2024-03-12 17:38:35,265397056,2
2024-03-12 17:53:11,29745906,0
2024-03-12 17:53:11,29746009,3
2024-03-12 17:53:11,29746047,2
2024-03-12 17:53:11,29746068,1
2024-03-12 17:53:11,29746123,2
2024-03-12 17:53:11,29746679,1
2024-03-12 17:53:11,29747497,4
2024-03-12 17:53:11,29749806,3
2024-03-12 17:53:11,29749855,0
2024-03-12 17:53:11,29749951,0
2024-03-12 17:53:11,29750190,2
2024-03-12 17:53:11,29750264,2
2024-03-12 17:53:11,29750615,1
2024-03-12 17:53:11,29751228,2
2024-03-12 17:53:11,29751388,2
2024-03-12 17:53:11,29751426,7
2024-03-12 17:53:11,29751502,0
2024-03-12 17:53:11,29751545,2
2024-03-12 17:53:11,29751592,1
2024-03-12 17:53:11,29751674,3
2024-03-12 17:53:11,29751736,1
2024-03-12 17:53:11,29751789,1
2024-03-12 17:53:11,29751918,0
2024-03-12 17:53:11,29752309,4
2024-03-12 17:53:11,29752472,2
2024-03-12 17:53:11,29752573,0
2024-03-12 17:53:11,29753372,0
2024-03-12 17:53:11,29753410,4
2024-03-12 17:53:11,29755203,2
2024-03-12 17:53:11,29992386,4
2024-03-12 17:53:11,29992613,1
2024-03-12 17:53:11,30278163,0
2024-03-12 17:53:11,30613108,3
2024-03-12 17:53:11,30613827,0
2024-03-12 17:53:11,30613955,1
2024-03-12 17:53:11,30925063,2
2024-03-12 17:53:11,31868207,2
2024-03-12 17:53:11,35855774,0
2024-03-12 17:53:11,35855809,1
2024-03-12 17:53:11,145369985,3
2024-03-12 17:53:11,152260960,1
2024-03-12 17:53:11,158039882,0
2024-03-12 17:53:11,158040425,1
2024-03-12 17:53:11,158040663,0
2024-03-12 17:53:11,158040927,4
2024-03-12 17:53:11,158041172,1
2024-03-12 17:53:11,158041482,1
2024-03-12 17:53:11,158041981,3
2024-03-12 17:53:11,158042216,2
2024-03-12 17:53:11,158042737,2
2024-03-12 17:53:11,158042992,1
2024-03-12 17:53:11,158046029,1
2024-03-12 17:53:11,158046288,2
2024-03-12 17:53:11,158046511,0
2024-03-12 17:53:11,158046728,1
2024-03-12 17:53:11,158046916,0
2024-03-12 17:53:11,167222018,0
2024-03-12 17:53:11,167222141,5
2024-03-12 17:53:11,176856256,0
2024-03-12 17:53:11,203568824,3
2024-03-12 17:53:11,265397056,2
2024-03-12 18:11:49,29745906,0
2024-03-12 18:11:49,29746009,3
2024-03-12 18:11:49,29746047,2
2024-03-12 18:11:49,29746068,1
2024-03-12 18:11:49,29746123,2
2024-03-12 18:11:49,29746679,1
2024-03-12 18:11:49,29747497,4
2024-03-12 18:11:49,29749806,3
2024-03-12 18:11:49,29749855,0
2024-03-12 18:11:49,29749951,0
2024-03-12 18:11:49,29750190,2
2024-03-12 18:11:49,29750264,2
2024-03-12 18:11:49,29750615,1
2024-03-12 18:11:49,29751228,2
2024-03-12 18:11:49,29751388,2
2024-03-12 18:11:49,29751426,7
2024-03-12 18:11:49,29751502,0
2024-03-12 18:11:49,29751545,2
2024-03-12 18:11:49,29751592,1
2024-03-12 18:11:49,29751674,3
2024-03-12 18:11:49,29751736,1
2024-03-12 18:11:49,29751789,1
2024-03-12 18:11:49,29751918,0
2024-03-12 18:11:49,29752309,4
2024-03-12 18:11:49,29752472,2
2024-03-12 18:11:49,29752573,0
2024-03-12 18:11:49,29753372,0
2024-03-12 18:11:49,29753410,4
2024-03-12 18:11:49,29755203,2
2024-03-12 18:11:49,29992386,4
2024-03-12 18:11:49,29992613,1
2024-03-12 18:11:49,30278163,0
2024-03-12 18:11:49,30613108,3
2024-03-12 18:11:49,30613827,0
2024-03-12 18:11:49,30613955,1
2024-03-12 18:11:49,30925063,2
2024-03-12 18:11:49,31868207,3
2024-03-12 18:11:49,35855774,0
2024-03-12 18:11:49,35855809,1
2024-03-12 18:11:49,145369985,3
2024-03-12 18:11:49,152260960,1
2024-03-12 18:11:49,158039882,0
2024-03-12 18:11:49,158040425,1
2024-03-12 18:11:49,158040663,0
2024-03-12 18:11:49,158040927,4
2024-03-12 18:11:49,158041172,1
2024-03-12 18:11:49,158041482,1
2024-03-12 18:11:49,158041981,3
2024-03-12 18:11:49,158042216,2
2024-03-12 18:11:49,158042737,2
2024-03-12 18:11:49,158042992,1
2024-03-12 18:11:49,158046029,1
2024-03-12 18:11:49,158046288,2
2024-03-12 18:11:49,158046511,0
2024-03-12 18:11:49,158046728,1
2024-03-12 18:11:49,158046916,0
2024-03-12 18:11:49,167222018,0
2024-03-12 18:11:49,167222141,5
2024-03-12 18:11:49,176856256,0
2024-03-12 18:11:49,203568824,3
2024-03-12 18:11:49,265397056,2
2024-03-12 18:24:41,29745906,0
2024-03-12 18:24:41,29746009,3
2024-03-12 18:24:41,29746047,2
2024-03-12 18:24:41,29746068,1
2024-03-12 18:24:41,29746123,2
2024-03-12 18:24:41,29746679,1
2024-03-12 18:24:41,29747497,4
2024-03-12 18:24:41,29749806,3
2024-03-12 18:24:41,29749855,0
2024-03-12 18:24:41,29749951,0
2024-03-12 18:24:41,29750190,2
2024-03-12 18:24:41,29750264,1
2024-03-12 18:24:41,29750615,1
2024-03-12 18:24:41,29751228,2
2024-03-12 18:24:41,29751388,2
2024-03-12 18:24:41,29751426,7
2024-03-12 18:24:41,29751502,0
2024-03-12 18:24:41,29751545,2
2024-03-12 18:24:41,29751592,1
2024-03-12 18:24:41,29751674,3
2024-03-12 18:24:41,29751736,1
2024-03-12 18:24:41,29751789,1
2024-03-12 18:24:41,29751918,0
2024-03-12 18:24:41,29752309,5
2024-03-12 18:24:41,29752472,2
2024-03-12 18:24:41,29752573,0
2024-03-12 18:24:41,29753372,0
2024-03-12 18:24:41,29753410,4
2024-03-12 18:24:41,29755203,2
2024-03-12 18:24:41,29992386,4
2024-03-12 18:24:41,29992613,1
2024-03-12 18:24:41,30278163,0
2024-03-12 18:24:41,30613108,3
2024-03-12 18:24:41,30613827,0
2024-03-12 18:24:41,30613955,1
2024-03-12 18:24:41,30925063,2
2024-03-12 18:24:41,31868207,3
2024-03-12 18:24:41,35855774,0
2024-03-12 18:24:41,35855809,1
2024-03-12 18:24:41,145369985,3
2024-03-12 18:24:41,152260960,1
2024-03-12 18:24:41,158039882,0
2024-03-12 18:24:41,158040425,1
2024-03-12 18:24:41,158040663,0
2024-03-12 18:24:41,158040927,4
2024-03-12 18:24:41,158041172,1
2024-03-12 18:24:41,158041482,1
2024-03-12 18:24:41,158041981,3
2024-03-12 18:24:41,158042216,2
2024-03-12 18:24:41,158042737,2
2024-03-12 18:24:41,158042992,1
2024-03-12 18:24:41,158046029,1
2024-03-12 18:24:41,158046288,2
2024-03-12 18:24:41,158046511,0
2024-03-12 18:24:41,158046728,1
2024-03-12 18:24:41,158046916,0
2024-03-12 18:24:41,167222018,0
2024-03-12 18:24:41,167222141,5
2024-03-12 18:24:41,176856256,0
2024-03-12 18:24:41,203568824,3
2024-03-12 18:24:41,265397056,2
2024-03-12 18:36:56,29745906,0
2024-03-12 18:36:56,29746009,3
2024-03-12 18:36:56,29746047,2
2024-03-12 18:36:56,29746068,1
2024-03-12 18:36:56,29746123,2
2024-03-12 18:36:56,29746679,1
2024-03-12 18:36:56,29747497,4
2024-03-12 18:36:56,29749806,3
2024-03-12 18:36:56,29749855,0
2024-03-12 18:36:56,29749951,0
2024-03-12 18:36:56,29750190,2
2024-03-12 18:36:56,29750264,1
2024-03-12 18:36:56,29750615,1
2024-03-12 18:36:56,29751228,2
2024-03-12 18:36:56,29751388,2
2024-03-12 18:36:56,29751426,7
2024-03-12 18:36:56,29751502,0
2024-03-12 18:36:56,29751545,2
2024-03-12 18:36:56,29751592,1
2024-03-12 18:36:56,29751674,3
2024-03-12 18:36:56,29751736,1
2024-03-12 18:36:56,29751789,1
2024-03-12 18:36:56,29751918,0
2024-03-12 18:36:56,29752309,6
2024-03-12 18:36:56,29752472,2
2024-03-12 18:36:56,29752573,0
2024-03-12 18:36:56,29753372,0
2024-03-12 18:36:56,29753410,4
2024-03-12 18:36:56,29755203,2
2024-03-12 18:36:56,29992386,4
2024-03-12 18:36:56,29992613,1
2024-03-12 18:36:56,30278163,0
2024-03-12 18:36:56,30613108,3
2024-03-12 18:36:56,30613827,0
2024-03-12 18:36:56,30613955,1
2024-03-12 18:36:56,30925063,2
2024-03-12 18:36:56,31868207,3
2024-03-12 18:36:56,35855774,0
2024-03-12 18:36:56,35855809,1
2024-03-12 18:36:56,145369985,3
2024-03-12 18:36:56,152260960,1
2024-03-12 18:36:56,158039882,0
2024-03-12 18:36:56,158040425,1
2024-03-12 18:36:56,158040663,0
2024-03-12 18:36:56,158040927,4
2024-03-12 18:36:56,158041172,1
2024-03-12 18:36:56,158041482,1
2024-03-12 18:36:56,158041981,4
2024-03-12 18:36:56,158042216,2
2024-03-12 18:36:56,158042737,2
2024-03-12 18:36:56,158042992,1
2024-03-12 18:36:56,158046029,1
2024-03-12 18:36:56,158046288,2
2024-03-12 18:36:56,158046511,0
2024-03-12 18:36:56,158046728,1
2024-03-12 18:36:56,158046916,0
2024-03-12 18:36:56,167222018,0
2024-03-12 18:36:56,167222141,5
2024-03-12 18:36:56,176856256,0
2024-03-12 18:36:56,203568824,3
2024-03-12 18:36:56,265397056,2
2024-03-12 18:52:56,29745906,0
2024-03-12 18:52:56,29746009,3
2024-03-12 18:52:56,29746047,2
2024-03-12 18:52:56,29746068,1
2024-03-12 18:52:56,29746123,2
2024-03-12 18:52:56,29746679,1
2024-03-12 18:52:56,29747497,4
2024-03-12 18:52:56,29749806,3
2024-03-12 18:52:56,29749855,0
2024-03-12 18:52:56,29749951,0
2024-03-12 18:52:56,29750190,2
2024-03-12 18:52:56,29750264,1
2024-03-12 18:52:56,29750615,1
2024-03-12 18:52:56,29751228,2
2024-03-12 18:52:56,29751388,2
2024-03-12 18:52:56,29751426,7
2024-03-12 18:52:56,29751502,0
2024-03-12 18:52:56,29751545,2
2024-03-12 18:52:56,29751592,1
2024-03-12 18:52:56,29751674,3
2024-03-12 18:52:56,29751736,1
2024-03-12 18:52:56,29751789,1
2024-03-12 18:52:56,29751918,0
2024-03-12 18:52:56,29752309,6
2024-03-12 18:52:56,29752472,2
2024-03-12 18:52:56,29752573,0
2024-03-12 18:52:56,29753372,0
2024-03-12 18:52:56,29753410,4
2024-03-12 18:52:56,29755203,2
2024-03-12 18:52:56,29992386,4
2024-03-12 18:52:56,29992613,1
2024-03-12 18:52:56,30278163,0
2024-03-12 18:52:56,30613108,3
2024-03-12 18:52:56,30613827,0
2024-03-12 18:52:56,30613955,1
2024-03-12 18:52:56,30925063,2
2024-03-12 18:52:56,31868207,3
2024-03-12 18:52:56,35855774,0
2024-03-12 18:52:56,35855809,1
2024-03-12 18:52:56,145369985,3
2024-03-12 18:52:56,152260960,1
2024-03-12 18:52:56,158039882,0
2024-03-12 18:52:56,158040425,1
2024-03-12 18:52:56,158040663,0
2024-03-12 18:52:56,158040927,4
2024-03-12 18:52:56,158041172,1
2024-03-12 18:52:56,158041482,1
2024-03-12 18:52:56,158041981,4
2024-03-12 18:52:56,158042216,2
2024-03-12 18:52:56,158042737,2
2024-03-12 18:52:56,158042992,1
2024-03-12 18:52:56,158046029,1
2024-03-12 18:52:56,158046288,2
2024-03-12 18:52:56,158046511,0
2024-03-12 18:52:56,158046728,1
2024-03-12 18:52:56,158046916,0
2024-03-12 18:52:56,167222018,0
2024-03-12 18:52:56,167222141,5
2024-03-12 18:52:56,176856256,0
2024-03-12 18:52:56,203568824,3
2024-03-12 18:52:56,265397056,2
2024-03-12 19:15:19,29745906,0
2024-03-12 19:15:19,29746009,3
2024-03-12 19:15:19,29746047,2
2024-03-12 19:15:19,29746068,1
2024-03-12 19:15:19,29746123,2
2024-03-12 19:15:19,29746679,1
2024-03-12 19:15:19,29747497,4
2024-03-12 19:15:19,29749806,3
2024-03-12 19:15:19,29749855,0
2024-03-12 19:15:19,29749951,0
2024-03-12 19:15:19,29750190,2
2024-03-12 19:15:19,29750264,1
2024-03-12 19:15:19,29750615,1
2024-03-12 19:15:19,29751228,2
2024-03-12 19:15:19,29751388,2
2024-03-12 19:15:19,29751426,7
2024-03-12 19:15:19,29751502,0
2024-03-12 19:15:19,29751545,2
2024-03-12 19:15:19,29751592,1
2024-03-12 19:15:19,29751674,3
2024-03-12 19:15:19,29751736,0
2024-03-12 19:15:19,29751789,1
2024-03-12 19:15:19,29751918,0
2024-03-12 19:15:19,29752309,7
2024-03-12 19:15:19,29752472,2
2024-03-12 19:15:19,29752573,0
2024-03-12 19:15:19,29753372,0
2024-03-12 19:15:19,29753410,4
2024-03-12 19:15:19,29755203,2
2024-03-12 19:15:19,29992386,4
2024-03-12 19:15:19,29992613,1
2024-03-12 19:15:19,30278163,0
2024-03-12 19:15:19,30613108,3
2024-03-12 19:15:19,30613827,0
2024-03-12 19:15:19,30613955,1
2024-03-12 19:15:19,30925063,2
2024-03-12 19:15:19,31868207,3
2024-03-12 19:15:19,35855774,0
2024-03-12 19:15:19,35855809,1
2024-03-12 19:15:19,145369985,3
2024-03-12 19:15:19,152260960,1
2024-03-12 19:15:19,158039882,0
2024-03-12 19:15:19,158040425,1
2024-03-12 19:15:19,158040663,0
2024-03-12 19:15:19,158040927,4
2024-03-12 19:15:19,158041172,1
2024-03-12 19:15:19,158041482,1
2024-03-12 19:15:19,158041981,4
2024-03-12 19:15:19,158042216,2
2024-03-12 19:15:19,158042737,2
2024-03-12 19:15:19,158042992,1
2024-03-12 19:15:19,158046029,1
2024-03-12 19:15:19,158046288,2
2024-03-12 19:15:19,158046511,0
2024-03-12 19:15:19,158046728,1
2024-03-12 19:15:19,158046916,0
2024-03-12 19:15:19,167222018,0
2024-03-12 19:15:19,167222141,5
2024-03-12 19:15:19,176856256,0
2024-03-12 19:15:19,203568824,3
2024-03-12 19:15:19,265397056,2
2024-03-12 19:25:40,29745906,0
2024-03-12 19:25:40,29746009,3
2024-03-12 19:25:40,29746047,2
2024-03-12 19:25:40,29746068,1
2024-03-12 19:25:40,29746123,2
2024-03-12 19:25:40,29746679,1
2024-03-12 19:25:40,29747497,4
2024-03-12 19:25:40,29749806,3
2024-03-12 19:25:40,29749855,0
2024-03-12 19:25:40,29749951,0
2024-03-12 19:25:40,29750190,2
2024-03-12 19:25:40,29750264,1
2024-03-12 19:25:40,29750615,1
2024-03-12 19:25:40,29751228,2
2024-03-12 19:25:40,29751388,2
2024-03-12 19:25:40,29751426,7
2024-03-12 19:25:40,29751502,0
2024-03-12 19:25:40,29751545,2
2024-03-12 19:25:40,29751592,1
2024-03-12 19:25:40,29751674,2
2024-03-12 19:25:40,29751736,1
2024-03-12 19:25:40,29751789,1
2024-03-12 19:25:40,29751918,0
2024-03-12 19:25:40,29752309,8
2024-03-12 19:25:40,29752472,2
2024-03-12 19:25:40,29752573,0
2024-03-12 19:25:40,29753372,0
2024-03-12 19:25:40,29753410,4
2024-03-12 19:25:40,29755203,2
2024-03-12 19:25:40,29992386,4
2024-03-12 19:25:40,29992613,1
2024-03-12 19:25:40,30278163,0
2024-03-12 19:25:40,30613108,3
2024-03-12 19:25:40,30613827,0
2024-03-12 19:25:40,30613955,1
2024-03-12 19:25:40,30925063,2
2024-03-12 19:25:40,31868207,3
2024-03-12 19:25:40,35855774,0
2024-03-12 19:25:40,35855809,1
2024-03-12 19:25:40,145369985,3
2024-03-12 19:25:40,152260960,1
2024-03-12 19:25:40,158039882,0
2024-03-12 19:25:40,158040425,1
2024-03-12 19:25:40,158040663,0
2024-03-12 19:25:40,158040927,4
2024-03-12 19:25:40,158041172,1
2024-03-12 19:25:40,158041482,1
2024-03-12 19:25:40,158041981,4
2024-03-12 19:25:40,158042216,2
2024-03-12 19:25:40,158042737,2
2024-03-12 19:25:40,158042992,1
2024-03-12 19:25:40,158046029,1
2024-03-12 19:25:40,158046288,2
2024-03-12 19:25:40,158046511,0
2024-03-12 19:25:40,158046728,1
2024-03-12 19:25:40,158046916,0
2024-03-12 19:25:40,167222018,0
2024-03-12 19:25:40,167222141,5
2024-03-12 19:25:40,176856256,0
2024-03-12 19:25:40,203568824,3
2024-03-12 19:25:40,265397056,2
2024-03-12 19:36:32,29745906,0
2024-03-12 19:36:32,29746009,3
2024-03-12 19:36:32,29746047,2
2024-03-12 19:36:32,29746068,1
2024-03-12 19:36:32,29746123,2
2024-03-12 19:36:32,29746679,1
2024-03-12 19:36:32,29747497,4
2024-03-12 19:36:32,29749806,3
2024-03-12 19:36:32,29749855,0
2024-03-12 19:36:32,29749951,0
2024-03-12 19:36:32,29750190,2
2024-03-12 19:36:32,29750264,1
2024-03-12 19:36:32,29750615,1
2024-03-12 19:36:32,29751228,2
2024-03-12 19:36:32,29751388,2
2024-03-12 19:36:32,29751426,7
2024-03-12 19:36:32,29751502,0
2024-03-12 19:36:32,29751545,2
2024-03-12 19:36:32,29751592,1
2024-03-12 19:36:32,29751674,2
2024-03-12 19:36:32,29751736,1
2024-03-12 19:36:32,29751789,1
2024-03-12 19:36:32,29751918,0
2024-03-12 19:36:32,29752309,8
2024-03-12 19:36:32,29752472,2
2024-03-12 19:36:32,29752573,0
2024-03-12 19:36:32,29753372,0
2024-03-12 19:36:32,29753410,4
2024-03-12 19:36:32,29755203,2
2024-03-12 19:36:32,29992386,4
2024-03-12 19:36:32,29992613,1
2024-03-12 19:36:32,30278163,0
2024-03-12 19:36:32,30613108,3
2024-03-12 19:36:32,30613827,0
2024-03-12 19:36:32,30613955,1
2024-03-12 19:36:32,30925063,2
2024-03-12 19:36:32,31868207,3
2024-03-12 19:36:32,35855774,0
2024-03-12 19:36:32,35855809,1
2024-03-12 19:36:32,145369985,3
2024-03-12 19:36:32,152260960,1
2024-03-12 19:36:32,158039882,0
2024-03-12 19:36:32,158040425,1
2024-03-12 19:36:32,158040663,0
2024-03-12 19:36:32,158040927,4
2024-03-12 19:36:32,158041172,1
2024-03-12 19:36:32,158041482,1
2024-03-12 19:36:32,158041981,4
2024-03-12 19:36:32,158042216,2
2024-03-12 19:36:32,158042737,2
2024-03-12 19:36:32,158042992,1
2024-03-12 19:36:32,158046029,1
2024-03-12 19:36:32,158046288,2
2024-03-12 19:36:32,158046511,0
2024-03-12 19:36:32,158046728,1
2024-03-12 19:36:32,158046916,0
2024-03-12 19:36:32,167222018,0
2024-03-12 19:36:32,167222141,5
2024-03-12 19:36:32,176856256,0
2024-03-12 19:36:32,203568824,3
2024-03-12 19:36:32,265397056,2
2024-03-12 19:52:56,29745906,0
2024-03-12 19:52:56,29746009,3
2024-03-12 19:52:56,29746047,2
2024-03-12 19:52:56,29746068,1
2024-03-12 19:52:56,29746123,2
2024-03-12 19:52:56,29746679,1
2024-03-12 19:52:56,29747497,4
2024-03-12 19:52:56,29749806,3
2024-03-12 19:52:56,29749855,0
2024-03-12 19:52:56,29749951,0
2024-03-12 19:52:56,29750190,2
2024-03-12 19:52:56,29750264,1
2024-03-12 19:52:56,29750615,1
2024-03-12 19:52:56,29751228,2
2024-03-12 19:52:56,29751388,2
2024-03-12 19:52:56,29751426,7
2024-03-12 19:52:56,29751502,0
2024-03-12 19:52:56,29751545,2
2024-03-12 19:52:56,29751592,1
2024-03-12 19:52:56,29751674,2
2024-03-12 19:52:56,29751736,1
2024-03-12 19:52:56,29751789,1
2024-03-12 19:52:56,29751918,0
2024-03-12 19:52:56,29752309,8
2024-03-12 19:52:56,29752472,2
2024-03-12 19:52:56,29752573,0
2024-03-12 19:52:56,29753372,0
2024-03-12 19:52:56,29753410,4
2024-03-12 19:52:56,29755203,2
2024-03-12 19:52:56,29992386,4
2024-03-12 19:52:56,29992613,1
2024-03-12 19:52:56,30278163,0
2024-03-12 19:52:56,30613108,3
2024-03-12 19:52:56,30613827,0
2024-03-12 19:52:56,30613955,1
2024-03-12 19:52:56,30925063,2
2024-03-12 19:52:56,31868207,3
2024-03-12 19:52:56,35855774,0
2024-03-12 19:52:56,35855809,1
2024-03-12 19:52:56,145369985,3
2024-03-12 19:52:56,152260960,1
2024-03-12 19:52:56,158039882,0
2024-03-12 19:52:56,158040425,1
2024-03-12 19:52:56,158040663,0
2024-03-12 19:52:56,158040927,4
2024-03-12 19:52:56,158041172,1
2024-03-12 19:52:56,158041482,1
2024-03-12 19:52:56,158041981,4
2024-03-12 19:52:56,158042216,2
2024-03-12 19:52:56,158042737,2
2024-03-12 19:52:56,158042992,1
2024-03-12 19:52:56,158046029,1
2024-03-12 19:52:56,158046288,2
2024-03-12 19:52:56,158046511,0
2024-03-12 19:52:56,158046728,1
2024-03-12 19:52:56,158046916,0
2024-03-12 19:52:56,167222018,0
2024-03-12 19:52:56,167222141,5
2024-03-12 19:52:56,176856256,0
2024-03-12 19:52:56,203568824,3
2024-03-12 19:52:56,265397056,2
2024-03-12 20:12:11,29745906,0
2024-03-12 20:12:11,29746009,3
2024-03-12 20:12:11,29746047,2
2024-03-12 20:12:11,29746068,1
2024-03-12 20:12:11,29746123,2
2024-03-12 20:12:11,29746679,1
2024-03-12 20:12:11,29747497,4
2024-03-12 20:12:11,29749806,3
2024-03-12 20:12:11,29749855,0
2024-03-12 20:12:11,29749951,0
2024-03-12 20:12:11,29750190,2
2024-03-12 20:12:11,29750264,1
2024-03-12 20:12:11,29750615,1
2024-03-12 20:12:11,29751228,2
2024-03-12 20:12:11,29751388,2
2024-03-12 20:12:11,29751426,7
2024-03-12 20:12:11,29751502,0
2024-03-12 20:12:11,29751545,2
2024-03-12 20:12:11,29751592,1
2024-03-12 20:12:11,29751674,2
2024-03-12 20:12:11,29751736,1
2024-03-12 20:12:11,29751789,1
2024-03-12 20:12:11,29751918,0
2024-03-12 20:12:11,29752309,8
2024-03-12 20:12:11,29752472,2
2024-03-12 20:12:11,29752573,0
2024-03-12 20:12:11,29753372,0
2024-03-12 20:12:11,29753410,4
2024-03-12 20:12:11,29755203,2
2024-03-12 20:12:11,29992386,4
2024-03-12 20:12:11,29992613,1
2024-03-12 20:12:11,30278163,0
2024-03-12 20:12:11,30613108,3
2024-03-12 20:12:11,30613827,0
2024-03-12 20:12:11,30613955,1
2024-03-12 20:12:11,30925063,2
2024-03-12 20:12:11,31868207,3
2024-03-12 20:12:11,35855774,0
2024-03-12 20:12:11,35855809,1
2024-03-12 20:12:11,145369985,3
2024-03-12 20:12:11,152260960,1
2024-03-12 20:12:11,158039882,0
2024-03-12 20:12:11,158040425,1
2024-03-12 20:12:11,158040663,0
2024-03-12 20:12:11,158040927,4
2024-03-12 20:12:11,158041172,1
2024-03-12 20:12:11,158041482,1
2024-03-12 20:12:11,158041981,4
2024-03-12 20:12:11,158042216,2
2024-03-12 20:12:11,158042737,2
2024-03-12 20:12:11,158042992,1
2024-03-12 20:12:11,158046029,1
2024-03-12 20:12:11,158046288,2
2024-03-12 20:12:11,158046511,0
2024-03-12 20:12:11,158046728,1
2024-03-12 20:12:11,158046916,0
2024-03-12 20:12:11,167222018,0
2024-03-12 20:12:11,167222141,5
2024-03-12 20:12:11,176856256,0
2024-03-12 20:12:11,203568824,3
2024-03-12 20:12:11,265397056,2
2024-03-12 20:20:06,29745906,0
2024-03-12 20:20:06,29746009,3
2024-03-12 20:20:06,29746047,2
2024-03-12 20:20:06,29746068,1
2024-03-12 20:20:06,29746123,2
2024-03-12 20:20:06,29746679,1
2024-03-12 20:20:06,29747497,4
2024-03-12 20:20:06,29749806,3
2024-03-12 20:20:06,29749855,0
2024-03-12 20:20:06,29749951,0
2024-03-12 20:20:06,29750190,2
2024-03-12 20:20:06,29750264,1
2024-03-12 20:20:06,29750615,1
2024-03-12 20:20:06,29751228,2
2024-03-12 20:20:06,29751388,2
2024-03-12 20:20:06,29751426,7
2024-03-12 20:20:06,29751502,0
2024-03-12 20:20:06,29751545,2
2024-03-12 20:20:06,29751592,1
2024-03-12 20:20:06,29751674,2
2024-03-12 20:20:06,29751736,1
2024-03-12 20:20:06,29751789,1
2024-03-12 20:20:06,29751918,0
2024-03-12 20:20:06,29752309,8
2024-03-12 20:20:06,29752472,2
2024-03-12 20:20:06,29752573,0
2024-03-12 20:20:06,29753372,0
2024-03-12 20:20:06,29753410,4
2024-03-12 20:20:06,29755203,2
2024-03-12 20:20:06,29992386,4
2024-03-12 20:20:06,29992613,1
2024-03-12 20:20:06,30278163,0
2024-03-12 20:20:06,30613108,3
2024-03-12 20:20:06,30613827,0
2024-03-12 20:20:06,30613955,1
2024-03-12 20:20:06,30925063,2
2024-03-12 20:20:06,31868207,3
2024-03-12 20:20:06,35855774,0
2024-03-12 20:20:06,35855809,1
2024-03-12 20:20:06,145369985,3
2024-03-12 20:20:06,152260960,1
2024-03-12 20:20:06,158039882,0
2024-03-12 20:20:06,158040425,1
2024-03-12 20:20:06,158040663,0
2024-03-12 20:20:06,158040927,4
2024-03-12 20:20:06,158041172,1
2024-03-12 20:20:06,158041482,1
2024-03-12 20:20:06,158041981,4
2024-03-12 20:20:06,158042216,2
2024-03-12 20:20:06,158042737,2
2024-03-12 20:20:06,158042992,1
2024-03-12 20:20:06,158046029,1
2024-03-12 20:20:06,158046288,2
2024-03-12 20:20:06,158046511,0
2024-03-12 20:20:06,158046728,1
2024-03-12 20:20:06,158046916,0
2024-03-12 20:20:06,167222018,0
2024-03-12 20:20:06,167222141,5
2024-03-12 20:20:06,176856256,0
2024-03-12 20:20:06,203568824,3
2024-03-12 20:20:06,265397056,2
2024-03-12 20:36:35,29745906,0
2024-03-12 20:36:35,29746009,3
2024-03-12 20:36:35,29746047,2
2024-03-12 20:36:35,29746068,1
2024-03-12 20:36:35,29746123,2
2024-03-12 20:36:35,29746679,1
2024-03-12 20:36:35,29747497,4
2024-03-12 20:36:35,29749806,3
2024-03-12 20:36:35,29749855,0
2024-03-12 20:36:35,29749951,0
2024-03-12 20:36:35,29750190,2
2024-03-12 20:36:35,29750264,1
2024-03-12 20:36:35,29750615,1
2024-03-12 20:36:35,29751228,2
2024-03-12 20:36:35,29751388,2
2024-03-12 20:36:35,29751426,7
2024-03-12 20:36:35,29751502,0
2024-03-12 20:36:35,29751545,2
2024-03-12 20:36:35,29751592,1
2024-03-12 20:36:35,29751674,2
2024-03-12 20:36:35,29751736,1
2024-03-12 20:36:35,29751789,1
2024-03-12 20:36:35,29751918,0
2024-03-12 20:36:35,29752309,7
2024-03-12 20:36:35,29752472,2
2024-03-12 20:36:35,29752573,0
2024-03-12 20:36:35,29753372,0
2024-03-12 20:36:35,29753410,4
2024-03-12 20:36:35,29755203,2
2024-03-12 20:36:35,29992386,4
2024-03-12 20:36:35,29992613,1
2024-03-12 20:36:35,30278163,0
2024-03-12 20:36:35,30613108,3
2024-03-12 20:36:35,30613827,0
2024-03-12 20:36:35,30613955,1
2024-03-12 20:36:35,30925063,2
2024-03-12 20:36:35,31868207,3
2024-03-12 20:36:35,35855774,0
2024-03-12 20:36:35,35855809,1
2024-03-12 20:36:35,145369985,3
2024-03-12 20:36:35,152260960,1
2024-03-12 20:36:35,158039882,0
2024-03-12 20:36:35,158040425,1
2024-03-12 20:36:35,158040663,0
2024-03-12 20:36:35,158040927,4
2024-03-12 20:36:35,158041172,1
2024-03-12 20:36:35,158041482,1
2024-03-12 20:36:35,158041981,4
2024-03-12 20:36:35,158042216,2
2024-03-12 20:36:35,158042737,2
2024-03-12 20:36:35,158042992,1
2024-03-12 20:36:35,158046029,1
2024-03-12 20:36:35,158046288,2
2024-03-12 20:36:35,158046511,0
2024-03-12 20:36:35,158046728,1
2024-03-12 20:36:35,158046916,0
2024-03-12 20:36:35,167222018,0
2024-03-12 20:36:35,167222141,5
2024-03-12 20:36:35,176856256,0
2024-03-12 20:36:35,203568824,3
2024-03-12 20:36:35,265397056,2
2024-03-12 20:52:57,29745906,0
2024-03-12 20:52:57,29746009,3
2024-03-12 20:52:57,29746047,2
2024-03-12 20:52:57,29746068,1
2024-03-12 20:52:57,29746123,2
2024-03-12 20:52:57,29746679,1
2024-03-12 20:52:57,29747497,4
2024-03-12 20:52:57,29749806,3
2024-03-12 20:52:57,29749855,0
2024-03-12 20:52:57,29749951,0
2024-03-12 20:52:57,29750190,2
2024-03-12 20:52:57,29750264,1
2024-03-12 20:52:57,29750615,1
2024-03-12 20:52:57,29751228,2
2024-03-12 20:52:57,29751388,2
2024-03-12 20:52:57,29751426,7
2024-03-12 20:52:57,29751502,0
2024-03-12 20:52:57,29751545,2
2024-03-12 20:52:57,29751592,1
2024-03-12 20:52:57,29751674,2
2024-03-12 20:52:57,29751736,1
2024-03-12 20:52:57,29751789,1
2024-03-12 20:52:57,29751918,0
2024-03-12 20:52:57,29752309,8
2024-03-12 20:52:57,29752472,2
2024-03-12 20:52:57,29752573,0
2024-03-12 20:52:57,29753372,0
2024-03-12 20:52:57,29753410,4
2024-03-12 20:52:57,29755203,2
2024-03-12 20:52:57,29992386,4
2024-03-12 20:52:57,29992613,0
2024-03-12 20:52:57,30278163,0
2024-03-12 20:52:57,30613108,3
2024-03-12 20:52:57,30613827,0
2024-03-12 20:52:57,30613955,1
2024-03-12 20:52:57,30925063,2
2024-03-12 20:52:57,31868207,3
2024-03-12 20:52:57,35855774,0
2024-03-12 20:52:57,35855809,1
2024-03-12 20:52:57,145369985,3
2024-03-12 20:52:57,152260960,1
2024-03-12 20:52:57,158039882,0
2024-03-12 20:52:57,158040425,1
2024-03-12 20:52:57,158040663,0
2024-03-12 20:52:57,158040927,4
2024-03-12 20:52:57,158041172,1
2024-03-12 20:52:57,158041482,1
2024-03-12 20:52:57,158041981,4
2024-03-12 20:52:57,158042216,2
2024-03-12 20:52:57,158042737,2
2024-03-12 20:52:57,158042992,1
2024-03-12 20:52:57,158046029,1
2024-03-12 20:52:57,158046288,2
2024-03-12 20:52:57,158046511,0
2024-03-12 20:52:57,158046728,1
2024-03-12 20:52:57,158046916,0
2024-03-12 20:52:57,167222018,0
2024-03-12 20:52:57,167222141,5
2024-03-12 20:52:57,176856256,0
2024-03-12 20:52:57,203568824,3
2024-03-12 20:52:57,265397056,2
2024-03-12 21:13:59,29745906,0
2024-03-12 21:13:59,29746009,3
2024-03-12 21:13:59,29746047,2
2024-03-12 21:13:59,29746068,1
2024-03-12 21:13:59,29746123,2
2024-03-12 21:13:59,29746679,1
2024-03-12 21:13:59,29747497,4
2024-03-12 21:13:59,29749806,3
2024-03-12 21:13:59,29749855,0
2024-03-12 21:13:59,29749951,0
2024-03-12 21:13:59,29750190,2
2024-03-12 21:13:59,29750264,1
2024-03-12 21:13:59,29750615,1
2024-03-12 21:13:59,29751228,2
2024-03-12 21:13:59,29751388,2
2024-03-12 21:13:59,29751426,7
2024-03-12 21:13:59,29751502,0
2024-03-12 21:13:59,29751545,2
2024-03-12 21:13:59,29751592,1
2024-03-12 21:13:59,29751674,2
2024-03-12 21:13:59,29751736,1
2024-03-12 21:13:59,29751789,1
2024-03-12 21:13:59,29751918,0
2024-03-12 21:13:59,29752309,8
2024-03-12 21:13:59,29752472,2
2024-03-12 21:13:59,29752573,0
2024-03-12 21:13:59,29753372,0
2024-03-12 21:13:59,29753410,4
2024-03-12 21:13:59,29755203,2
2024-03-12 21:13:59,29992386,4
2024-03-12 21:13:59,29992613,0
2024-03-12 21:13:59,30278163,0
2024-03-12 21:13:59,30613108,3
2024-03-12 21:13:59,30613827,0
2024-03-12 21:13:59,30613955,1
2024-03-12 21:13:59,30925063,1
2024-03-12 21:13:59,31868207,3
2024-03-12 21:13:59,35855774,0
2024-03-12 21:13:59,35855809,1
2024-03-12 21:13:59,145369985,3
2024-03-12 21:13:59,152260960,1
2024-03-12 21:13:59,158039882,0
2024-03-12 21:13:59,158040425,1
2024-03-12 21:13:59,158040663,0
2024-03-12 21:13:59,158040927,4
2024-03-12 21:13:59,158041172,1
2024-03-12 21:13:59,158041482,1
2024-03-12 21:13:59,158041981,4
2024-03-12 21:13:59,158042216,2
2024-03-12 21:13:59,158042737,2
2024-03-12 21:13:59,158042992,1
2024-03-12 21:13:59,158046029,1
2024-03-12 21:13:59,158046288,2
2024-03-12 21:13:59,158046511,0
2024-03-12 21:13:59,158046728,1
2024-03-12 21:13:59,158046916,0
2024-03-12 21:13:59,167222018,0
2024-03-12 21:13:59,167222141,5
2024-03-12 21:13:59,176856256,0
2024-03-12 21:13:59,203568824,3
2024-03-12 21:13:59,265397056,2
2024-03-12 21:23:16,29745906,0
2024-03-12 21:23:16,29746009,3
2024-03-12 21:23:16,29746047,2
2024-03-12 21:23:16,29746068,1
2024-03-12 21:23:16,29746123,2
2024-03-12 21:23:16,29746679,1
2024-03-12 21:23:16,29747497,4
2024-03-12 21:23:16,29749806,3
2024-03-12 21:23:16,29749855,0
2024-03-12 21:23:16,29749951,0
2024-03-12 21:23:16,29750190,2
2024-03-12 21:23:16,29750264,1
2024-03-12 21:23:16,29750615,1
2024-03-12 21:23:16,29751228,2
2024-03-12 21:23:16,29751388,2
2024-03-12 21:23:16,29751426,7
2024-03-12 21:23:16,29751502,0
2024-03-12 21:23:16,29751545,2
2024-03-12 21:23:16,29751592,1
2024-03-12 21:23:16,29751674,2
2024-03-12 21:23:16,29751736,1
2024-03-12 21:23:16,29751789,1
2024-03-12 21:23:16,29751918,0
2024-03-12 21:23:16,29752309,8
2024-03-12 21:23:16,29752472,2
2024-03-12 21:23:16,29752573,0
2024-03-12 21:23:16,29753372,0
2024-03-12 21:23:16,29753410,4
2024-03-12 21:23:16,29755203,2
2024-03-12 21:23:16,29992386,4
2024-03-12 21:23:16,29992613,0
2024-03-12 21:23:16,30278163,0
2024-03-12 21:23:16,30613108,3
2024-03-12 21:23:16,30613827,0
2024-03-12 21:23:16,30613955,1
2024-03-12 21:23:16,30925063,1
2024-03-12 21:23:16,31868207,3
2024-03-12 21:23:16,35855774,0
2024-03-12 21:23:16,35855809,1
2024-03-12 21:23:16,145369985,3
2024-03-12 21:23:16,152260960,1
2024-03-12 21:23:16,158039882,0
2024-03-12 21:23:16,158040425,1
2024-03-12 21:23:16,158040663,0
2024-03-12 21:23:16,158040927,4
2024-03-12 21:23:16,158041172,1
2024-03-12 21:23:16,158041482,1
2024-03-12 21:23:16,158041981,4
2024-03-12 21:23:16,158042216,2
2024-03-12 21:23:16,158042737,2
2024-03-12 21:23:16,158042992,1
2024-03-12 21:23:16,158046029,1
2024-03-12 21:23:16,158046288,2
2024-03-12 21:23:16,158046511,0
2024-03-12 21:23:16,158046728,1
2024-03-12 21:23:16,158046916,0
2024-03-12 21:23:16,167222018,0
2024-03-12 21:23:16,167222141,5
2024-03-12 21:23:16,176856256,0
2024-03-12 21:23:16,203568824,3
2024-03-12 21:23:16,265397056,2
2024-03-12 21:36:37,29745906,0
2024-03-12 21:36:37,29746009,3
2024-03-12 21:36:37,29746047,2
2024-03-12 21:36:37,29746068,1
2024-03-12 21:36:37,29746123,2
2024-03-12 21:36:37,29746679,1
2024-03-12 21:36:37,29747497,4
2024-03-12 21:36:37,29749806,3
2024-03-12 21:36:37,29749855,0
2024-03-12 21:36:37,29749951,0
2024-03-12 21:36:37,29750190,2
2024-03-12 21:36:37,29750264,1
2024-03-12 21:36:37,29750615,1
2024-03-12 21:36:37,29751228,2
2024-03-12 21:36:37,29751388,2
2024-03-12 21:36:37,29751426,7
2024-03-12 21:36:37,29751502,0
2024-03-12 21:36:37,29751545,2
2024-03-12 21:36:37,29751592,1
2024-03-12 21:36:37,29751674,2
2024-03-12 21:36:37,29751736,1
2024-03-12 21:36:37,29751789,1
2024-03-12 21:36:37,29751918,0
2024-03-12 21:36:37,29752309,9
2024-03-12 21:36:37,29752472,2
2024-03-12 21:36:37,29752573,0
2024-03-12 21:36:37,29753372,0
2024-03-12 21:36:37,29753410,4
2024-03-12 21:36:37,29755203,2
2024-03-12 21:36:37,29992386,4
2024-03-12 21:36:37,29992613,0
2024-03-12 21:36:37,30278163,0
2024-03-12 21:36:37,30613108,3
2024-03-12 21:36:37,30613827,0
2024-03-12 21:36:37,30613955,1
2024-03-12 21:36:37,30925063,1
2024-03-12 21:36:37,31868207,3
2024-03-12 21:36:37,35855774,0
2024-03-12 21:36:37,35855809,1
2024-03-12 21:36:37,145369985,3
2024-03-12 21:36:37,152260960,1
2024-03-12 21:36:37,158039882,0
2024-03-12 21:36:37,158040425,1
2024-03-12 21:36:37,158040663,0
2024-03-12 21:36:37,158040927,4
2024-03-12 21:36:37,158041172,1
2024-03-12 21:36:37,158041482,1
2024-03-12 21:36:37,158041981,4
2024-03-12 21:36:37,158042216,2
2024-03-12 21:36:37,158042737,2
2024-03-12 21:36:37,158042992,1
2024-03-12 21:36:37,158046029,1
2024-03-12 21:36:37,158046288,2
2024-03-12 21:36:37,158046511,0
2024-03-12 21:36:37,158046728,1
2024-03-12 21:36:37,158046916,0
2024-03-12 21:36:37,167222018,0
2024-03-12 21:36:37,167222141,5
2024-03-12 21:36:37,176856256,0
2024-03-12 21:36:37,203568824,3
2024-03-12 21:36:37,265397056,2
2024-03-12 21:52:54,29745906,0
2024-03-12 21:52:54,29746009,3
2024-03-12 21:52:54,29746047,2
2024-03-12 21:52:54,29746068,1
2024-03-12 21:52:54,29746123,2
2024-03-12 21:52:54,29746679,1
2024-03-12 21:52:54,29747497,4
2024-03-12 21:52:54,29749806,3
2024-03-12 21:52:54,29749855,0
2024-03-12 21:52:54,29749951,0
2024-03-12 21:52:54,29750190,2
2024-03-12 21:52:54,29750264,1
2024-03-12 21:52:54,29750615,1
2024-03-12 21:52:54,29751228,2
2024-03-12 21:52:54,29751388,2
2024-03-12 21:52:54,29751426,7
2024-03-12 21:52:54,29751502,0
2024-03-12 21:52:54,29751545,2
2024-03-12 21:52:54,29751592,1
2024-03-12 21:52:54,29751674,2
2024-03-12 21:52:54,29751736,1
2024-03-12 21:52:54,29751789,1
2024-03-12 21:52:54,29751918,0
2024-03-12 21:52:54,29752309,9
2024-03-12 21:52:54,29752472,2
2024-03-12 21:52:54,29752573,0
2024-03-12 21:52:54,29753372,0
2024-03-12 21:52:54,29753410,4
2024-03-12 21:52:54,29755203,2
2024-03-12 21:52:54,29992386,4
2024-03-12 21:52:54,29992613,0
2024-03-12 21:52:54,30278163,0
2024-03-12 21:52:54,30613108,3
2024-03-12 21:52:54,30613827,0
2024-03-12 21:52:54,30613955,1
2024-03-12 21:52:54,30925063,1
2024-03-12 21:52:54,31868207,3
2024-03-12 21:52:54,35855774,0
2024-03-12 21:52:54,35855809,1
2024-03-12 21:52:54,145369985,3
2024-03-12 21:52:54,152260960,1
2024-03-12 21:52:54,158039882,0
2024-03-12 21:52:54,158040425,1
2024-03-12 21:52:54,158040663,0
2024-03-12 21:52:54,158040927,4
2024-03-12 21:52:54,158041172,1
2024-03-12 21:52:54,158041482,1
2024-03-12 21:52:54,158041981,4
2024-03-12 21:52:54,158042216,2
2024-03-12 21:52:54,158042737,2
2024-03-12 21:52:54,158042992,1
2024-03-12 21:52:54,158046029,1
2024-03-12 21:52:54,158046288,3
2024-03-12 21:52:54,158046511,0
2024-03-12 21:52:54,158046728,1
2024-03-12 21:52:54,158046916,0
2024-03-12 21:52:54,167222018,0
2024-03-12 21:52:54,167222141,5
2024-03-12 21:52:54,176856256,0
2024-03-12 21:52:54,203568824,3
2024-03-12 21:52:54,265397056,2
2024-03-12 22:12:09,29745906,0
2024-03-12 22:12:09,29746009,3
2024-03-12 22:12:09,29746047,2
2024-03-12 22:12:09,29746068,1
2024-03-12 22:12:09,29746123,2
2024-03-12 22:12:09,29746679,1
2024-03-12 22:12:09,29747497,4
2024-03-12 22:12:09,29749806,3
2024-03-12 22:12:09,29749855,0
2024-03-12 22:12:09,29749951,0
2024-03-12 22:12:09,29750190,2
2024-03-12 22:12:09,29750264,1
2024-03-12 22:12:09,29750615,1
2024-03-12 22:12:09,29751228,2
2024-03-12 22:12:09,29751388,2
2024-03-12 22:12:09,29751426,7
2024-03-12 22:12:09,29751502,0
2024-03-12 22:12:09,29751545,2
2024-03-12 22:12:09,29751592,1
2024-03-12 22:12:09,29751674,2
2024-03-12 22:12:09,29751736,1
2024-03-12 22:12:09,29751789,1
2024-03-12 22:12:09,29751918,0
2024-03-12 22:12:09,29752309,9
2024-03-12 22:12:09,29752472,2
2024-03-12 22:12:09,29752573,0
2024-03-12 22:12:09,29753372,0
2024-03-12 22:12:09,29753410,4
2024-03-12 22:12:09,29755203,2
2024-03-12 22:12:09,29992386,4
2024-03-12 22:12:09,29992613,0
2024-03-12 22:12:09,30278163,0
2024-03-12 22:12:09,30613108,3
2024-03-12 22:12:09,30613827,0
2024-03-12 22:12:09,30613955,1
2024-03-12 22:12:09,30925063,1
2024-03-12 22:12:09,31868207,3
2024-03-12 22:12:09,35855774,0
2024-03-12 22:12:09,35855809,1
2024-03-12 22:12:09,145369985,3
2024-03-12 22:12:09,152260960,1
2024-03-12 22:12:09,158039882,0
2024-03-12 22:12:09,158040425,1
2024-03-12 22:12:09,158040663,0
2024-03-12 22:12:09,158040927,4
2024-03-12 22:12:09,158041172,1
2024-03-12 22:12:09,158041482,1
2024-03-12 22:12:09,158041981,4
2024-03-12 22:12:09,158042216,2
2024-03-12 22:12:09,158042737,2
2024-03-12 22:12:09,158042992,1
2024-03-12 22:12:09,158046029,1
2024-03-12 22:12:09,158046288,3
2024-03-12 22:12:09,158046511,0
2024-03-12 22:12:09,158046728,1
2024-03-12 22:12:09,158046916,0
2024-03-12 22:12:09,167222018,0
2024-03-12 22:12:09,167222141,5
2024-03-12 22:12:09,176856256,0
2024-03-12 22:12:09,203568824,3
2024-03-12 22:12:09,265397056,2
2024-03-12 22:20:17,29745906,0
2024-03-12 22:20:17,29746009,3
2024-03-12 22:20:17,29746047,2
2024-03-12 22:20:17,29746068,1
2024-03-12 22:20:17,29746123,2
2024-03-12 22:20:17,29746679,1
2024-03-12 22:20:17,29747497,4
2024-03-12 22:20:17,29749806,3
2024-03-12 22:20:17,29749855,0
2024-03-12 22:20:17,29749951,0
2024-03-12 22:20:17,29750190,2
2024-03-12 22:20:17,29750264,1
2024-03-12 22:20:17,29750615,1
2024-03-12 22:20:17,29751228,2
2024-03-12 22:20:17,29751388,2
2024-03-12 22:20:17,29751426,7
2024-03-12 22:20:17,29751502,0
2024-03-12 22:20:17,29751545,2
2024-03-12 22:20:17,29751592,1
2024-03-12 22:20:17,29751674,2
2024-03-12 22:20:17,29751736,1
2024-03-12 22:20:17,29751789,1
2024-03-12 22:20:17,29751918,0
2024-03-12 22:20:17,29752309,9
2024-03-12 22:20:17,29752472,2
2024-03-12 22:20:17,29752573,0
2024-03-12 22:20:17,29753372,0
2024-03-12 22:20:17,29753410,4
2024-03-12 22:20:17,29755203,2
2024-03-12 22:20:17,29992386,4
2024-03-12 22:20:17,29992613,0
2024-03-12 22:20:17,30278163,0
2024-03-12 22:20:17,30613108,3
2024-03-12 22:20:17,30613827,0
2024-03-12 22:20:17,30613955,1
2024-03-12 22:20:17,30925063,1
2024-03-12 22:20:17,31868207,3
2024-03-12 22:20:17,35855774,0
2024-03-12 22:20:17,35855809,1
2024-03-12 22:20:17,145369985,3
2024-03-12 22:20:17,152260960,1
2024-03-12 22:20:17,158039882,0
2024-03-12 22:20:17,158040425,1
2024-03-12 22:20:17,158040663,0
2024-03-12 22:20:17,158040927,4
2024-03-12 22:20:17,158041172,0
2024-03-12 22:20:17,158041482,1
2024-03-12 22:20:17,158041981,4
2024-03-12 22:20:17,158042216,2
2024-03-12 22:20:17,158042737,2
2024-03-12 22:20:17,158042992,1
2024-03-12 22:20:17,158046029,1
2024-03-12 22:20:17,158046288,3
2024-03-12 22:20:17,158046511,0
2024-03-12 22:20:17,158046728,1
2024-03-12 22:20:17,158046916,0
2024-03-12 22:20:17,167222018,0
2024-03-12 22:20:17,167222141,5
2024-03-12 22:20:17,176856256,0
2024-03-12 22:20:17,203568824,3
2024-03-12 22:20:17,265397056,2
2024-03-12 22:36:34,29745906,0
2024-03-12 22:36:34,29746009,3
2024-03-12 22:36:34,29746047,2
2024-03-12 22:36:34,29746068,1
2024-03-12 22:36:34,29746123,2
2024-03-12 22:36:34,29746679,1
2024-03-12 22:36:34,29747497,4
2024-03-12 22:36:34,29749806,3
2024-03-12 22:36:34,29749855,0
2024-03-12 22:36:34,29749951,0
2024-03-12 22:36:34,29750190,2
2024-03-12 22:36:34,29750264,1
2024-03-12 22:36:34,29750615,1
2024-03-12 22:36:34,29751228,2
2024-03-12 22:36:34,29751388,2
2024-03-12 22:36:34,29751426,7
2024-03-12 22:36:34,29751502,0
2024-03-12 22:36:34,29751545,2
2024-03-12 22:36:34,29751592,1
2024-03-12 22:36:34,29751674,2
2024-03-12 22:36:34,29751736,1
2024-03-12 22:36:34,29751789,1
2024-03-12 22:36:34,29751918,0
2024-03-12 22:36:34,29752309,9
2024-03-12 22:36:34,29752472,2
2024-03-12 22:36:34,29752573,0
2024-03-12 22:36:34,29753372,0
2024-03-12 22:36:34,29753410,4
2024-03-12 22:36:34,29755203,2
2024-03-12 22:36:34,29992386,4
2024-03-12 22:36:34,29992613,0
2024-03-12 22:36:34,30278163,0
2024-03-12 22:36:34,30613108,3
2024-03-12 22:36:34,30613827,0
2024-03-12 22:36:34,30613955,1
2024-03-12 22:36:34,30925063,1
2024-03-12 22:36:34,31868207,3
2024-03-12 22:36:34,35855774,0
2024-03-12 22:36:34,35855809,1
2024-03-12 22:36:34,145369985,3
2024-03-12 22:36:34,152260960,1
2024-03-12 22:36:34,158039882,0
2024-03-12 22:36:34,158040425,1
2024-03-12 22:36:34,158040663,0
2024-03-12 22:36:34,158040927,4
2024-03-12 22:36:34,158041172,0
2024-03-12 22:36:34,158041482,1
2024-03-12 22:36:34,158041981,4
2024-03-12 22:36:34,158042216,2
2024-03-12 22:36:34,158042737,2
2024-03-12 22:36:34,158042992,1
2024-03-12 22:36:34,158046029,1
2024-03-12 22:36:34,158046288,3
2024-03-12 22:36:34,158046511,0
2024-03-12 22:36:34,158046728,1
2024-03-12 22:36:34,158046916,0
2024-03-12 22:36:34,167222018,0
2024-03-12 22:36:34,167222141,5
2024-03-12 22:36:34,176856256,0
2024-03-12 22:36:34,203568824,3
2024-03-12 22:36:34,265397056,2
2024-03-12 22:52:56,29745906,0
2024-03-12 22:52:56,29746009,3
2024-03-12 22:52:56,29746047,2
2024-03-12 22:52:56,29746068,1
2024-03-12 22:52:56,29746123,2
2024-03-12 22:52:56,29746679,1
2024-03-12 22:52:56,29747497,4
2024-03-12 22:52:56,29749806,3
2024-03-12 22:52:56,29749855,0
2024-03-12 22:52:56,29749951,0
2024-03-12 22:52:56,29750190,2
2024-03-12 22:52:56,29750264,1
2024-03-12 22:52:56,29750615,1
2024-03-12 22:52:56,29751228,2
2024-03-12 22:52:56,29751388,2
2024-03-12 22:52:56,29751426,7
2024-03-12 22:52:56,29751502,0
2024-03-12 22:52:56,29751545,2
2024-03-12 22:52:56,29751592,1
2024-03-12 22:52:56,29751674,2
2024-03-12 22:52:56,29751736,1
2024-03-12 22:52:56,29751789,1
2024-03-12 22:52:56,29751918,0
2024-03-12 22:52:56,29752309,9
2024-03-12 22:52:56,29752472,2
2024-03-12 22:52:56,29752573,0
2024-03-12 22:52:56,29753372,0
2024-03-12 22:52:56,29753410,4
2024-03-12 22:52:56,29755203,2
2024-03-12 22:52:56,29992386,4
2024-03-12 22:52:56,29992613,0
2024-03-12 22:52:56,30278163,1
2024-03-12 22:52:56,30613108,3
2024-03-12 22:52:56,30613827,0
2024-03-12 22:52:56,30613955,1
2024-03-12 22:52:56,30925063,1
2024-03-12 22:52:56,31868207,3
2024-03-12 22:52:56,35855774,0
2024-03-12 22:52:56,35855809,1
2024-03-12 22:52:56,145369985,3
2024-03-12 22:52:56,152260960,1
2024-03-12 22:52:56,158039882,0
2024-03-12 22:52:56,158040425,1
2024-03-12 22:52:56,158040663,0
2024-03-12 22:52:56,158040927,4
2024-03-12 22:52:56,158041172,0
2024-03-12 22:52:56,158041482,1
2024-03-12 22:52:56,158041981,4
2024-03-12 22:52:56,158042216,2
2024-03-12 22:52:56,158042737,2
2024-03-12 22:52:56,158042992,1
2024-03-12 22:52:56,158046029,1
2024-03-12 22:52:56,158046288,3
2024-03-12 22:52:56,158046511,0
2024-03-12 22:52:56,158046728,1
2024-03-12 22:52:56,158046916,0
2024-03-12 22:52:56,167222018,0
2024-03-12 22:52:56,167222141,5
2024-03-12 22:52:56,176856256,0
2024-03-12 22:52:56,203568824,3
2024-03-12 22:52:56,265397056,2
2024-03-12 23:11:34,29745906,0
2024-03-12 23:11:34,29746009,3
2024-03-12 23:11:34,29746047,2
2024-03-12 23:11:34,29746068,1
2024-03-12 23:11:34,29746123,2
2024-03-12 23:11:34,29746679,1
2024-03-12 23:11:34,29747497,4
2024-03-12 23:11:34,29749806,3
2024-03-12 23:11:34,29749855,0
2024-03-12 23:11:34,29749951,0
2024-03-12 23:11:34,29750190,2
2024-03-12 23:11:34,29750264,1
2024-03-12 23:11:34,29750615,1
2024-03-12 23:11:34,29751228,2
2024-03-12 23:11:34,29751388,2
2024-03-12 23:11:34,29751426,7
2024-03-12 23:11:34,29751502,0
2024-03-12 23:11:34,29751545,2
2024-03-12 23:11:34,29751592,1
2024-03-12 23:11:34,29751674,2
2024-03-12 23:11:34,29751736,1
2024-03-12 23:11:34,29751789,1
2024-03-12 23:11:34,29751918,0
2024-03-12 23:11:34,29752309,9
2024-03-12 23:11:34,29752472,2
2024-03-12 23:11:34,29752573,0
2024-03-12 23:11:34,29753372,0
2024-03-12 23:11:34,29753410,4
2024-03-12 23:11:34,29755203,2
2024-03-12 23:11:34,29992386,4
2024-03-12 23:11:34,29992613,0
2024-03-12 23:11:34,30278163,1
2024-03-12 23:11:34,30613108,3
2024-03-12 23:11:34,30613827,0
2024-03-12 23:11:34,30613955,1
2024-03-12 23:11:34,30925063,1
2024-03-12 23:11:34,31868207,3
2024-03-12 23:11:34,35855774,0
2024-03-12 23:11:34,35855809,1
2024-03-12 23:11:34,145369985,3
2024-03-12 23:11:34,152260960,1
2024-03-12 23:11:34,158039882,0
2024-03-12 23:11:34,158040425,1
2024-03-12 23:11:34,158040663,0
2024-03-12 23:11:34,158040927,4
2024-03-12 23:11:34,158041172,0
2024-03-12 23:11:34,158041482,1
2024-03-12 23:11:34,158041981,3
2024-03-12 23:11:34,158042216,2
2024-03-12 23:11:34,158042737,2
2024-03-12 23:11:34,158042992,1
2024-03-12 23:11:34,158046029,1
2024-03-12 23:11:34,158046288,3
2024-03-12 23:11:34,158046511,0
2024-03-12 23:11:34,158046728,1
2024-03-12 23:11:34,158046916,0
2024-03-12 23:11:34,167222018,0
2024-03-12 23:11:34,167222141,5
2024-03-12 23:11:34,176856256,0
2024-03-12 23:11:34,203568824,3
2024-03-12 23:11:34,265397056,2
2024-03-12 23:25:22,29745906,0
2024-03-12 23:25:22,29746009,3
2024-03-12 23:25:22,29746047,2
2024-03-12 23:25:22,29746068,1
2024-03-12 23:25:22,29746123,2
2024-03-12 23:25:22,29746679,1
2024-03-12 23:25:22,29747497,4
2024-03-12 23:25:22,29749806,3
2024-03-12 23:25:22,29749855,0
2024-03-12 23:25:22,29749951,0
2024-03-12 23:25:22,29750190,2
2024-03-12 23:25:22,29750264,1
2024-03-12 23:25:22,29750615,1
2024-03-12 23:25:22,29751228,2
2024-03-12 23:25:22,29751388,2
2024-03-12 23:25:22,29751426,7
2024-03-12 23:25:22,29751502,0
2024-03-12 23:25:22,29751545,2
2024-03-12 23:25:22,29751592,1
2024-03-12 23:25:22,29751674,2
2024-03-12 23:25:22,29751736,1
2024-03-12 23:25:22,29751789,1
2024-03-12 23:25:22,29751918,0
2024-03-12 23:25:22,29752309,9
2024-03-12 23:25:22,29752472,2
2024-03-12 23:25:22,29752573,0
2024-03-12 23:25:22,29753372,0
2024-03-12 23:25:22,29753410,4
2024-03-12 23:25:22,29755203,2
2024-03-12 23:25:22,29992386,4
2024-03-12 23:25:22,29992613,0
2024-03-12 23:25:22,30278163,1
2024-03-12 23:25:22,30613108,3
2024-03-12 23:25:22,30613827,0
2024-03-12 23:25:22,30613955,1
2024-03-12 23:25:22,30925063,1
2024-03-12 23:25:22,31868207,3
2024-03-12 23:25:22,35855774,0
2024-03-12 23:25:22,35855809,1
2024-03-12 23:25:22,145369985,3
2024-03-12 23:25:22,152260960,1
2024-03-12 23:25:22,158039882,0
2024-03-12 23:25:22,158040425,1
2024-03-12 23:25:22,158040663,0
2024-03-12 23:25:22,158040927,4
2024-03-12 23:25:22,158041172,0
2024-03-12 23:25:22,158041482,1
2024-03-12 23:25:22,158041981,3
2024-03-12 23:25:22,158042216,2
2024-03-12 23:25:22,158042737,2
2024-03-12 23:25:22,158042992,1
2024-03-12 23:25:22,158046029,1
2024-03-12 23:25:22,158046288,3
2024-03-12 23:25:22,158046511,0
2024-03-12 23:25:22,158046728,1
2024-03-12 23:25:22,158046916,0
2024-03-12 23:25:22,167222018,0
2024-03-12 23:25:22,167222141,5
2024-03-12 23:25:22,176856256,0
2024-03-12 23:25:22,203568824,3
2024-03-12 23:25:22,265397056,2
2024-03-12 23:36:36,29745906,0
2024-03-12 23:36:36,29746009,3
2024-03-12 23:36:36,29746047,2
2024-03-12 23:36:36,29746068,1
2024-03-12 23:36:36,29746123,2
2024-03-12 23:36:36,29746679,1
2024-03-12 23:36:36,29747497,4
2024-03-12 23:36:36,29749806,3
2024-03-12 23:36:36,29749855,0
2024-03-12 23:36:36,29749951,0
2024-03-12 23:36:36,29750190,2
2024-03-12 23:36:36,29750264,1
2024-03-12 23:36:36,29750615,1
2024-03-12 23:36:36,29751228,2
2024-03-12 23:36:36,29751388,2
2024-03-12 23:36:36,29751426,7
2024-03-12 23:36:36,29751502,0
2024-03-12 23:36:36,29751545,2
2024-03-12 23:36:36,29751592,1
2024-03-12 23:36:36,29751674,2
2024-03-12 23:36:36,29751736,1
2024-03-12 23:36:36,29751789,1
2024-03-12 23:36:36,29751918,0
2024-03-12 23:36:36,29752309,9
2024-03-12 23:36:36,29752472,2
2024-03-12 23:36:36,29752573,0
2024-03-12 23:36:36,29753372,0
2024-03-12 23:36:36,29753410,4
2024-03-12 23:36:36,29755203,2
2024-03-12 23:36:36,29992386,4
2024-03-12 23:36:36,29992613,0
2024-03-12 23:36:36,30278163,1
2024-03-12 23:36:36,30613108,3
2024-03-12 23:36:36,30613827,0
2024-03-12 23:36:36,30613955,1
2024-03-12 23:36:36,30925063,1
2024-03-12 23:36:36,31868207,3
2024-03-12 23:36:36,35855774,0
2024-03-12 23:36:36,35855809,1
2024-03-12 23:36:36,145369985,3
2024-03-12 23:36:36,152260960,1
2024-03-12 23:36:36,158039882,0
2024-03-12 23:36:36,158040425,1
2024-03-12 23:36:36,158040663,0
2024-03-12 23:36:36,158040927,4
2024-03-12 23:36:36,158041172,0
2024-03-12 23:36:36,158041482,1
2024-03-12 23:36:36,158041981,3
2024-03-12 23:36:36,158042216,2
2024-03-12 23:36:36,158042737,2
2024-03-12 23:36:36,158042992,1
2024-03-12 23:36:36,158046029,1
2024-03-12 23:36:36,158046288,3
2024-03-12 23:36:36,158046511,0
2024-03-12 23:36:36,158046728,1
2024-03-12 23:36:36,158046916,0
2024-03-12 23:36:36,167222018,0
2024-03-12 23:36:36,167222141,5
2024-03-12 23:36:36,176856256,0
2024-03-12 23:36:36,203568824,3
2024-03-12 23:36:36,265397056,2
2024-03-12 23:53:12,29745906,0
2024-03-12 23:53:12,29746009,3
2024-03-12 23:53:12,29746047,2
2024-03-12 23:53:12,29746068,1
2024-03-12 23:53:12,29746123,2
2024-03-12 23:53:12,29746679,1
2024-03-12 23:53:12,29747497,4
2024-03-12 23:53:12,29749806,3
2024-03-12 23:53:12,29749855,0
2024-03-12 23:53:12,29749951,0
2024-03-12 23:53:12,29750190,2
2024-03-12 23:53:12,29750264,1
2024-03-12 23:53:12,29750615,1
2024-03-12 23:53:12,29751228,2
2024-03-12 23:53:12,29751388,2
2024-03-12 23:53:12,29751426,7
2024-03-12 23:53:12,29751502,0
2024-03-12 23:53:12,29751545,2
2024-03-12 23:53:12,29751592,1
2024-03-12 23:53:12,29751674,2
2024-03-12 23:53:12,29751736,1
2024-03-12 23:53:12,29751789,1
2024-03-12 23:53:12,29751918,0
2024-03-12 23:53:12,29752309,9
2024-03-12 23:53:12,29752472,2
2024-03-12 23:53:12,29752573,0
2024-03-12 23:53:12,29753372,0
2024-03-12 23:53:12,29753410,4
2024-03-12 23:53:12,29755203,2
2024-03-12 23:53:12,29992386,4
2024-03-12 23:53:12,29992613,0
2024-03-12 23:53:12,30278163,1
2024-03-12 23:53:12,30613108,3
2024-03-12 23:53:12,30613827,0
2024-03-12 23:53:12,30613955,1
2024-03-12 23:53:12,30925063,1
2024-03-12 23:53:12,31868207,3
2024-03-12 23:53:12,35855774,0
2024-03-12 23:53:12,35855809,1
2024-03-12 23:53:12,145369985,3
2024-03-12 23:53:12,152260960,1
2024-03-12 23:53:12,158039882,0
2024-03-12 23:53:12,158040425,1
2024-03-12 23:53:12,158040663,0
2024-03-12 23:53:12,158040927,4
2024-03-12 23:53:12,158041172,0
2024-03-12 23:53:12,158041482,1
2024-03-12 23:53:12,158041981,3
2024-03-12 23:53:12,158042216,2
2024-03-12 23:53:12,158042737,2
2024-03-12 23:53:12,158042992,1
2024-03-12 23:53:12,158046029,1
2024-03-12 23:53:12,158046288,3
2024-03-12 23:53:12,158046511,0
2024-03-12 23:53:12,158046728,1
2024-03-12 23:53:12,158046916,0
2024-03-12 23:53:12,167222018,0
2024-03-12 23:53:12,167222141,5
2024-03-12 23:53:12,176856256,0
2024-03-12 23:53:12,203568824,3
2024-03-12 23:53:12,265397056,2
